0 0 0 0 
-99999 0 0 0 
0 -99999 0 0 
-99999 -99999 0 0 
0 0 -99999 0 
-99999 0 -99999 0 
-0.00531422 -99999 -99999 0.412667 
-99999 -99999 -99999 0 
0 0 0 -99999 
-99999 0 0 -99999 
-11.5789 -99999 -11.9458 -99999 
-99999 -99999 0 -99999 
114.454 0.180825 -99999 -99999 
-99999 0 -99999 -99999 
0 -99999 -99999 -99999 
-99999 -99999 -99999 -99999 

-0.0485184 -0.0185007 0 -0.322308 
-99999 0 0 0 
0 -99999 0 0 
-99999 -99999 0 0 
0 0 -99999 0.209509 
-99999 0 -99999 0 
0 -99999 -99999 0 
-99999 -99999 -99999 0 
0 -0.445485 -0.00472711 -99999 
-99999 0 0 -99999 
0 -99999 0 -99999 
-99999 -99999 0 -99999 
-2.24946 -1.5749 -99999 -99999 
-99999 0 -99999 -99999 
0 -99999 -99999 -99999 
-99999 -99999 -99999 -99999 

0 0 0 0 
-99999 0 0 0 
-1.27695 -99999 -1.31954 -1.18159 
-99999 -99999 0 0 
0 0 -99999 0 
-99999 0 -99999 0 
0 -99999 -99999 0 
-99999 -99999 -99999 0 
-0.748297 -0.124866 -0.526527 -99999 
-99999 0 0 -99999 
3.04989 -99999 -543303 -99999 
-99999 -99999 0 -99999 
0 0 -99999 -99999 
-99999 0 -99999 -99999 
0 -99999 -99999 -99999 
-99999 -99999 -99999 -99999 

0 0 0 0 
-99999 0 0 0 
0 -99999 0 -0.000983824 
-99999 -99999 0 0 
-0.199572 -0.0360521 -99999 -0.102959 
-99999 0 -99999 0 
-1.78725 -99999 -99999 -3.79794 
-99999 -99999 -99999 0 
0 0 0 -99999 
-99999 0 0 -99999 
-0.0808614 -99999 -0.0883954 -99999 
-99999 -99999 0 -99999 
0 0 -99999 -99999 
-99999 0 -99999 -99999 
0 -99999 -99999 -99999 
-99999 -99999 -99999 -99999 


0 0 0 0 
-99999 0 0 0 
-2.30105 -99999 0.0130778 1.0054 
-99999 -99999 0 0 
0 0 -99999 0 
-99999 0 -99999 0 
-1.12403 -99999 -99999 0.408093 
-99999 -99999 -99999 0 
-0.981408 -0.642247 -1.14593 -99999 
-99999 0 0 -99999 
313.452 -99999 75.3093 -99999 
-99999 -99999 0 -99999 
-1.09574 -0.03202 -99999 -99999 
-99999 0 -99999 -99999 
-1.07124 -99999 -99999 -99999 
-99999 -99999 -99999 -99999 

0 0 0 0 
-99999 0 0 0 
0 -99999 0 0 
-99999 -99999 0 0 
0 0 -99999 0 
-99999 0 -99999 0 
0 -99999 -99999 0 
-99999 -99999 -99999 0 
0 -0.00772684 -0.0328996 -99999 
-99999 0 0 -99999 
0 -99999 0 -99999 
-99999 -99999 0 -99999 
0 0 -99999 -99999 
-99999 0 -99999 -99999 
0 -99999 -99999 -99999 
-99999 -99999 -99999 -99999 

0 0 0 0 
-99999 0 0 0 
0 -99999 0 0 
-99999 -99999 0 0 
0 0 -99999 0 
-99999 0 -99999 0 
0 -99999 -99999 0 
-99999 -99999 -99999 0 
0 0 0 -99999 
-99999 0 0 -99999 
9.68074 -99999 0.412357 -99999 
-99999 -99999 0 -99999 
0 0 -99999 -99999 
-99999 0 -99999 -99999 
0 -99999 -99999 -99999 
-99999 -99999 -99999 -99999 

0 0 0 0 
-99999 0 0 0 
0 -99999 0 0 
-99999 -99999 0 0 
0 0 -99999 0 
-99999 0 -99999 0 
0 -99999 -99999 0 
-99999 -99999 -99999 0 
0 0 0 -99999 
-99999 0 0 -99999 
0 -99999 -0.154961 -99999 
-99999 -99999 0 -99999 
0 0 -99999 -99999 
-99999 0 -99999 -99999 
0 -99999 -99999 -99999 
-99999 -99999 -99999 -99999 


0 0 0 0 
-99999 0 0 0 
-3.33074e+14 -99999 11.4221 -0.923264 
-99999 -99999 0 0 
-9.01988e+15 -3.02321 -99999 -3.14254 
-99999 0 -99999 0 
47.5006 -99999 -99999 -3.76841 
-99999 -99999 -99999 0 
-5.38407e+24 -0.24151 -0.312309 -99999 
-99999 0 0 -99999 
-5.81931e+15 -99999 -195.084 -99999 
-99999 -99999 0 -99999 
-0.0941626 -0.0534374 -99999 -99999 
-99999 0 -99999 -99999 
0 -99999 -99999 -99999 
-99999 -99999 -99999 -99999 

-2.12783 -2.13675 -2.03662 -2.1029 
-99999 0 0 0 
0 -99999 0 0 
-99999 -99999 0 0 
-0.38817 -0.404864 -99999 -0.589828 
-99999 0 -99999 0 
0 -99999 -99999 0 
-99999 -99999 -99999 0 
0 0 0 -99999 
-99999 0 0 -99999 
0 -99999 0 -99999 
-99999 -99999 0 -99999 
0 -0.00100831 -99999 -99999 
-99999 0 -99999 -99999 
0 -99999 -99999 -99999 
-99999 -99999 -99999 -99999 

0 0 0 0 
-99999 0 0 0 
0 -99999 -0.0325616 -0.0351532 
-99999 -99999 0 0 
0 0 -99999 0 
-99999 0 -99999 0 
0 -99999 -99999 0 
-99999 -99999 -99999 0 
0 0 0 -99999 
-99999 0 0 -99999 
0.719431 -99999 15.4961 -99999 
-99999 -99999 0 -99999 
0 0 -99999 -99999 
-99999 0 -99999 -99999 
0 -99999 -99999 -99999 
-99999 -99999 -99999 -99999 

-0.811133 -0.00406022 -0.00619312 -0.0480348 
-99999 0 0 0 
0 -99999 0 0.215061 
-99999 -99999 0 0 
-0.0113553 0 -99999 -0.000492017 
-99999 0 -99999 0 
-0.0888536 -99999 -99999 -0.0946105 
-99999 -99999 -99999 0 
0 0 0 -99999 
-99999 0 0 -99999 
0 -99999 0 -99999 
-99999 -99999 0 -99999 
0 0 -99999 -99999 
-99999 0 -99999 -99999 
0 -99999 -99999 -99999 
-99999 -99999 -99999 -99999 


0 0 0 0 
-99999 0 0 0 
0 -99999 0 0 
-99999 -99999 0 0 
0 0 -99999 0 
-99999 0 -99999 0 
15.7148 -99999 -99999 -0.340921 
-99999 -99999 -99999 0 
0 0 0 -99999 
-99999 0 0 -99999 
3.36056 -99999 15.3637 -99999 
-99999 -99999 0 -99999 
-0.0356933 -0.00895102 -99999 -99999 
-99999 0 -99999 -99999 
-0.0352216 -99999 -99999 -99999 
-99999 -99999 -99999 -99999 

0 0 0 0 
-99999 0 0 0 
0 -99999 0 0 
-99999 -99999 0 0 
0 0 -99999 0 
-99999 0 -99999 0 
0 -99999 -99999 0 
-99999 -99999 -99999 0 
0.0946935 0.173179 -0.00398816 -99999 
-99999 0 0 -99999 
0 -99999 0 -99999 
-99999 -99999 0 -99999 
0 0 -99999 -99999 
-99999 0 -99999 -99999 
0 -99999 -99999 -99999 
-99999 -99999 -99999 -99999 

0 0 0 0 
-99999 0 0 0 
-0.0194863 -99999 -0.0143291 -0.0166727 
-99999 -99999 0 0 
0 0 -99999 0 
-99999 0 -99999 0 
0 -99999 -99999 0 
-99999 -99999 -99999 0 
0 0 0 -99999 
-99999 0 0 -99999 
-0.0227331 -99999 0.603064 -99999 
-99999 -99999 0 -99999 
0 0 -99999 -99999 
-99999 0 -99999 -99999 
0 -99999 -99999 -99999 
-99999 -99999 -99999 -99999 

0 0 0 0 
-99999 0 0 0 
0 -99999 0 0 
-99999 -99999 0 0 
0 0.0855056 -99999 0 
-99999 0 -99999 0 
-0.000886504 -99999 -99999 0.194239 
-99999 -99999 -99999 0 
0 0 0 -99999 
-99999 0 0 -99999 
0 -99999 0 -99999 
-99999 -99999 0 -99999 
0 0 -99999 -99999 
-99999 0 -99999 -99999 
0 -99999 -99999 -99999 
-99999 -99999 -99999 -99999 



0 0 0 0 
-99999 0 0 0 
0 -99999 0 0 
-99999 -99999 0 0 
0 0 -99999 0 
-99999 0 -99999 0 
-0.335457 -99999 -99999 -0.37769 
-99999 -99999 -99999 0 
0 0 0 -99999 
-99999 0 0 -99999 
0.195692 -99999 3.39555 -99999 
-99999 -99999 0 -99999 
-1.73067 -0.54509 -99999 -99999 
-99999 0 -99999 -99999 
0 -99999 -99999 -99999 
-99999 -99999 -99999 -99999 

0 0 -0.0059536 -0.0463474 
-99999 0 0 0 
0 -99999 0 0 
-99999 -99999 0 0 
-0.463629 -0.0108786 -99999 -0.00863492 
-99999 0 -99999 0 
0 -99999 -99999 0 
-99999 -99999 -99999 0 
0 0 0 -99999 
-99999 0 0 -99999 
0 -99999 0 -99999 
-99999 -99999 0 -99999 
0 -0.0109551 -99999 -99999 
-99999 0 -99999 -99999 
0 -99999 -99999 -99999 
-99999 -99999 -99999 -99999 

0 0 0 0 
-99999 0 0 0 
0 -99999 0 0 
-99999 -99999 0 0 
0 0 -99999 0 
-99999 0 -99999 0 
0 -99999 -99999 0 
-99999 -99999 -99999 0 
0 0 0 -99999 
-99999 0 0 -99999 
0.00394335 -99999 0.59536 -99999 
-99999 -99999 0 -99999 
0 0 -99999 -99999 
-99999 0 -99999 -99999 
0 -99999 -99999 -99999 
-99999 -99999 -99999 -99999 

0 0 0 0 
-99999 0 0 0 
0 -99999 0 0 
-99999 -99999 0 0 
0 0 -99999 0 
-99999 0 -99999 0 
0 -99999 -99999 0.396798 
-99999 -99999 -99999 0 
0 0 0 -99999 
-99999 0 0 -99999 
0 -99999 0 -99999 
-99999 -99999 0 -99999 
0 0 -99999 -99999 
-99999 0 -99999 -99999 
0 -99999 -99999 -99999 
-99999 -99999 -99999 -99999 


0 0 0 0 
-99999 0 0 0 
0 -99999 0 0 
-99999 -99999 0 0 
0 0 -99999 0 
-99999 0 -99999 0 
-7.19821e+08 -99999 -99999 -0.0722953 
-99999 -99999 -99999 0 
0 0 0 -99999 
-99999 0 0 -99999 
0.2991 -99999 1.82855 -99999 
-99999 -99999 0 -99999 
0.0778888 -0.00310374 -99999 -99999 
-99999 0 -99999 -99999 
0 -99999 -99999 -99999 
-99999 -99999 -99999 -99999 

0 0 0 0 
-99999 0 0 0 
0 -99999 0 0 
-99999 -99999 0 0 
0 0 -99999 0 
-99999 0 -99999 0 
0 -99999 -99999 0 
-99999 -99999 -99999 0 
0 0 0 -99999 
-99999 0 0 -99999 
0 -99999 0 -99999 
-99999 -99999 0 -99999 
0 0 -99999 -99999 
-99999 0 -99999 -99999 
0 -99999 -99999 -99999 
-99999 -99999 -99999 -99999 

0 0 0 0 
-99999 0 0 0 
0 -99999 0 0 
-99999 -99999 0 0 
0 0 -99999 0 
-99999 0 -99999 0 
0 -99999 -99999 0 
-99999 -99999 -99999 0 
0 0 0 -99999 
-99999 0 0 -99999 
0.211234 -99999 -0.00172438 -99999 
-99999 -99999 0 -99999 
0 0 -99999 -99999 
-99999 0 -99999 -99999 
0 -99999 -99999 -99999 
-99999 -99999 -99999 -99999 

0 0 0 0 
-99999 0 0 0 
0 -99999 0 0 
-99999 -99999 0 0 
0 0 -99999 0 
-99999 0 -99999 0 
0 -99999 -99999 0 
-99999 -99999 -99999 0 
0 0 0 -99999 
-99999 0 0 -99999 
0 -99999 0 -99999 
-99999 -99999 0 -99999 
0 0 -99999 -99999 
-99999 0 -99999 -99999 
0 -99999 -99999 -99999 
-99999 -99999 -99999 -99999 


0 0 0 0 
-99999 0 0 0 
-0.0631168 -99999 -0.0403748 0.0399943 
-99999 -99999 0 0 
-0.412975 -0.0463206 -99999 0.156126 
-99999 0 -99999 0 
-19.3001 -99999 -99999 -19.5484 
-99999 -99999 -99999 0 
0 0 0 -99999 
-99999 0 0 -99999 
0.0890356 -99999 14.3136 -99999 
-99999 -99999 0 -99999 
0 0 -99999 -99999 
-99999 0 -99999 -99999 
0 -99999 -99999 -99999 
-99999 -99999 -99999 -99999 

0 0 0 0 
-99999 0 0 0 
0 -99999 0 0 
-99999 -99999 0 0 
0 0 -99999 0.159297 
-99999 0 -99999 0 
0 -99999 -99999 0 
-99999 -99999 -99999 0 
0 0 0 -99999 
-99999 0 0 -99999 
0 -99999 0 -99999 
-99999 -99999 0 -99999 
0 0 -99999 -99999 
-99999 0 -99999 -99999 
0 -99999 -99999 -99999 
-99999 -99999 -99999 -99999 

0 0 0 0 
-99999 0 0 0 
0 -99999 0 0 
-99999 -99999 0 0 
0 0 -99999 0 
-99999 0 -99999 0 
0 -99999 -99999 0 
-99999 -99999 -99999 0 
0 0 0 -99999 
-99999 0 0 -99999 
0 -99999 1.14734 -99999 
-99999 -99999 0 -99999 
0 0 -99999 -99999 
-99999 0 -99999 -99999 
0 -99999 -99999 -99999 
-99999 -99999 -99999 -99999 

0 0 0 0 
-99999 0 0 0 
0 -99999 0 0 
-99999 -99999 0 0 
0 0 -99999 0 
-99999 0 -99999 0 
0 -99999 -99999 0 
-99999 -99999 -99999 0 
0 0 0 -99999 
-99999 0 0 -99999 
0 -99999 0 -99999 
-99999 -99999 0 -99999 
0 0 -99999 -99999 
-99999 0 -99999 -99999 
0 -99999 -99999 -99999 
-99999 -99999 -99999 -99999 


0 0 0 0 
-99999 0 0 0 
0 -99999 0 0 
-99999 -99999 0 0 
0 0 -99999 0 
-99999 0 -99999 0 
0 -99999 -99999 0.0970704 
-99999 -99999 -99999 0 
0 0 0 -99999 
-99999 0 0 -99999 
-0.0611361 -99999 0.422846 -99999 
-99999 -99999 0 -99999 
-0.00301486 0.19111 -99999 -99999 
-99999 0 -99999 -99999 
0 -99999 -99999 -99999 
-99999 -99999 -99999 -99999 

0 0 0 0 
-99999 0 0 0 
0 -99999 0 0 
-99999 -99999 0 0 
0 0 -99999 0 
-99999 0 -99999 0 
0 -99999 -99999 0 
-99999 -99999 -99999 0 
0 0 0 -99999 
-99999 0 0 -99999 
0 -99999 0 -99999 
-99999 -99999 0 -99999 
0 0 -99999 -99999 
-99999 0 -99999 -99999 
0 -99999 -99999 -99999 
-99999 -99999 -99999 -99999 

0 0 0 0 
-99999 0 0 0 
0 -99999 0 -0.00196827 
-99999 -99999 0 0 
0 0 -99999 0 
-99999 0 -99999 0 
0 -99999 -99999 0 
-99999 -99999 -99999 0 
0 0 0 -99999 
-99999 0 0 -99999 
-0.000398402 -99999 0.100796 -99999 
-99999 -99999 0 -99999 
0 0 -99999 -99999 
-99999 0 -99999 -99999 
0 -99999 -99999 -99999 
-99999 -99999 -99999 -99999 

0 0 0 0 
-99999 0 0 0 
0 -99999 0 0 
-99999 -99999 0 0 
0 0 -99999 0 
-99999 -0.592877 -99999 0.28409 
0 -99999 -99999 0 
-99999 -99999 -99999 0 
0 0 0 -99999 
-99999 0 0 -99999 
0 -99999 0 -99999 
-99999 -99999 0 -99999 
0 -0.000938106 -99999 -99999 
-99999 0 -99999 -99999 
0 -99999 -99999 -99999 
-99999 -99999 -99999 -99999 




0 0 0 0 
-99999 0 0 0 
0 -99999 0 0 
-99999 -99999 0 0 
0 0 -99999 0.0998 
-99999 0 -99999 0 
0 -99999 -99999 0 
-99999 -99999 -99999 0 
0 0 0 -99999 
-99999 0 0 -99999 
0 -99999 0 -99999 
-99999 -99999 0 -99999 
-16.5697 -15.7328 -99999 -99999 
-99999 0 -99999 -99999 
0 -99999 -99999 -99999 
-99999 -99999 -99999 -99999 

0 0 0 0 
-99999 0.398396 6.541 -1.8972 
0 -99999 0 0 
-99999 -99999 0 0 
-0.234354 0 -99999 1.3491 
-99999 1.99439 -99999 59.515 
0 -99999 -99999 0 
-99999 -99999 -99999 0 
-0.834288 -1.37563 -0.65376 -99999 
-99999 0 0 -99999 
0 -99999 0 -99999 
-99999 -99999 0 -99999 
-3.86874 -3.7822 -99999 -99999 
-99999 0 -99999 -99999 
0 -99999 -99999 -99999 
-99999 -99999 -99999 -99999 

0 0 0 0 
-99999 0 0 0.0959816 
0 -99999 0 0 
-99999 -99999 0 0 
0 0 -99999 0 
-99999 0 -99999 0 
0 -99999 -99999 0 
-99999 -99999 -99999 0 
-2.72139 -2.39841 -1.67314 -99999 
-99999 -1.61747 -1.5893 -99999 
0 -99999 0 -99999 
-99999 -99999 0 -99999 
0 0 -99999 -99999 
-99999 0 -99999 -99999 
0 -99999 -99999 -99999 
-99999 -99999 -99999 -99999 

0 0 0 0 
-99999 -0.000250073 0.161123 0.0516823 
0 -99999 0 0 
-99999 -99999 0 0 
-0.317519 -0.322104 -99999 -0.201728 
-99999 0.815244 -99999 8.96404 
0 -99999 -99999 0 
-99999 -99999 -99999 0 
0 0 0 -99999 
-99999 0 0 -99999 
0 -99999 0 -99999 
-99999 -99999 0 -99999 
0 0 -99999 -99999 
-99999 0 -99999 -99999 
0 -99999 -99999 -99999 
-99999 -99999 -99999 -99999 


0 0 0 0 
-99999 0 0 0 
0 -99999 0 0 
-99999 -99999 0 0 
0 0 -99999 0 
-99999 0 -99999 0 
0 -99999 -99999 0 
-99999 -99999 -99999 0 
-19.9114 -19.0311 -19.1413 -99999 
-99999 0 0 -99999 
0 -99999 0 -99999 
-99999 -99999 0 -99999 
-9.77009 -2.97676 -99999 -99999 
-99999 0 -99999 -99999 
0 -99999 -99999 -99999 
-99999 -99999 -99999 -99999 

0 0 0 0 
-99999 0 0 0 
0 -99999 0 0 
-99999 -99999 0 0 
0 0 -99999 0 
-99999 0.22268 -99999 21.8366 
0 -99999 -99999 0 
-99999 -99999 -99999 0 
-0.117935 -0.0681809 -0.138276 -99999 
-99999 -0.462389 -0.456746 -99999 
0 -99999 0 -99999 
-99999 -99999 0 -99999 
0 0 -99999 -99999 
-99999 0 -99999 -99999 
0 -99999 -99999 -99999 
-99999 -99999 -99999 -99999 

0 0 0 0 
-99999 0 0 0 
0 -99999 0 0 
-99999 -99999 0 0 
0 0 -99999 0 
-99999 0 -99999 0 
0 -99999 -99999 0 
-99999 -99999 -99999 0 
0 0 0 -99999 
-99999 0 0 -99999 
0 -99999 0 -99999 
-99999 -99999 0 -99999 
0 0 -99999 -99999 
-99999 0 -99999 -99999 
0 -99999 -99999 -99999 
-99999 -99999 -99999 -99999 

0 0 0 0 
-99999 0 0 0.190706 
0 -99999 0 0 
-99999 -99999 0 0 
0 0 -99999 1.24746 
-99999 5.32605 -99999 -1.11268 
0 -99999 -99999 0 
-99999 -99999 -99999 0 
0 0 0 -99999 
-99999 0 -0.00933342 -99999 
0 -99999 0 -99999 
-99999 -99999 0 -99999 
0 -0.0364912 -99999 -99999 
-99999 0 -99999 -99999 
0 -99999 -99999 -99999 
-99999 -99999 -99999 -99999 


0 0 0 0 
-99999 0 0 0 
0 -99999 0 0 
-99999 -99999 0 0 
-0.24939 -0.232224 -99999 -0.0963695 
-99999 0 -99999 0 
0 -99999 -99999 0 
-99999 -99999 -99999 0 
-5.53294 -0.774222 0.0227684 -99999 
-99999 0 0 -99999 
0 -99999 0 -99999 
-99999 -99999 0 -99999 
-0.0997978 -0.111532 -99999 -99999 
-99999 0 -99999 -99999 
0 -99999 -99999 -99999 
-99999 -99999 -99999 -99999 

0.0805317 0.0251594 0.49467 -0.453411 
-99999 -9.35276 35.2896 -4.97089 
0 -99999 0 0 
-99999 -99999 0 0 
2.07226 -0.0460123 -99999 -0.0412356 
-99999 38.3211 -99999 2.53943 
0 -99999 -99999 0 
-99999 -99999 -99999 0 
0 0 0.0916887 -99999 
-99999 -1.1224 -4.17632 -99999 
0 -99999 0 -99999 
-99999 -99999 0 -99999 
0.073223 -0.00982903 -99999 -99999 
-99999 0 -99999 -99999 
0 -99999 -99999 -99999 
-99999 -99999 -99999 -99999 

0 0 0 0 
-99999 -0.00100186 -0.0391263 -0.0168729 
0 -99999 0 0 
-99999 -99999 0 0 
0 0 -99999 0 
-99999 0 -99999 0 
0 -99999 -99999 0 
-99999 -99999 -99999 0 
0 0 0 -99999 
-99999 -0.0771621 -0.0555331 -99999 
0 -99999 0 -99999 
-99999 -99999 0 -99999 
0 0 -99999 -99999 
-99999 0 -99999 -99999 
0 -99999 -99999 -99999 
-99999 -99999 -99999 -99999 

0 0 0 0.167369 
-99999 2.2974 -0.0425567 0.00465096 
0 -99999 0 0 
-99999 -99999 0 0 
-0.0009981 0 -99999 0 
-99999 3.97018 -99999 0.0150762 
0 -99999 -99999 0 
-99999 -99999 -99999 0 
0 0 0 -99999 
-99999 0 0 -99999 
0 -99999 0 -99999 
-99999 -99999 0 -99999 
0 0 -99999 -99999 
-99999 0 -99999 -99999 
0 -99999 -99999 -99999 
-99999 -99999 -99999 -99999 


0 0 0 0 
-99999 0 0 0 
0 -99999 0 0 
-99999 -99999 0 0 
0 0 -99999 0 
-99999 0 -99999 0 
0 -99999 -99999 0 
-99999 -99999 -99999 0 
0 0 0 -99999 
-99999 0 0 -99999 
0 -99999 0 -99999 
-99999 -99999 0 -99999 
-0.011705 -0.0238533 -99999 -99999 
-99999 0 -99999 -99999 
0 -99999 -99999 -99999 
-99999 -99999 -99999 -99999 

0 0 0 0 
-99999 0 0 0 
0 -99999 0 0 
-99999 -99999 0 0 
0 0 -99999 0 
-99999 0.630061 -99999 11.4589 
0 -99999 -99999 0 
-99999 -99999 -99999 0 
0.332533 -0.00778296 -0.00100174 -99999 
-99999 0 0 -99999 
0 -99999 0 -99999 
-99999 -99999 0 -99999 
0.292482 0.575504 -99999 -99999 
-99999 0 -99999 -99999 
0 -99999 -99999 -99999 
-99999 -99999 -99999 -99999 

0 0 0 0 
-99999 0 0 0 
0 -99999 0 0 
-99999 -99999 0 0 
0 0 -99999 0 
-99999 0 -99999 0 
0 -99999 -99999 0 
-99999 -99999 -99999 0 
-0.000906528 0 -0.00370939 -99999 
-99999 0 2.57717 -99999 
0 -99999 0 -99999 
-99999 -99999 0 -99999 
0 0 -99999 -99999 
-99999 0 -99999 -99999 
0 -99999 -99999 -99999 
-99999 -99999 -99999 -99999 

0 0 0 0 
-99999 0 0 0.0455937 
0 -99999 0 0 
-99999 -99999 0 0 
0 -0.00476513 -99999 -0.00401151 
-99999 0.103147 -99999 0.166585 
0 -99999 -99999 0 
-99999 -99999 -99999 0 
0 0 0 -99999 
-99999 0 0 -99999 
0 -99999 0 -99999 
-99999 -99999 0 -99999 
0 0 -99999 -99999 
-99999 0 -99999 -99999 
0 -99999 -99999 -99999 
-99999 -99999 -99999 -99999 



0 0 0 0 
-99999 0 0 0 
0 -99999 0 0 
-99999 -99999 0 0 
0 0 -99999 0 
-99999 0 -99999 0 
0 -99999 -99999 0 
-99999 -99999 -99999 0 
0 0 0 -99999 
-99999 0 0 -99999 
0 -99999 0 -99999 
-99999 -99999 0 -99999 
0 0.205168 -99999 -99999 
-99999 0 -99999 -99999 
0 -99999 -99999 -99999 
-99999 -99999 -99999 -99999 

0 0 0 0 
-99999 0.210339 -0.0631093 0.103028 
0 -99999 0 0 
-99999 -99999 0 0 
0.0712782 -0.053906 -99999 0.194123 
-99999 5.62339 -99999 0.43971 
0 -99999 -99999 0 
-99999 -99999 -99999 0 
0 0 0 -99999 
-99999 0 0.0904686 -99999 
0 -99999 0 -99999 
-99999 -99999 0 -99999 
-0.0169149 0.656765 -99999 -99999 
-99999 0 -99999 -99999 
0 -99999 -99999 -99999 
-99999 -99999 -99999 -99999 

0 0 0 0 
-99999 0 0 0 
0 -99999 0 0 
-99999 -99999 0 0 
0 0 -99999 0 
-99999 0 -99999 0 
0 -99999 -99999 0 
-99999 -99999 -99999 0 
0 0 0 -99999 
-99999 -0.0488054 -0.0532764 -99999 
0 -99999 0 -99999 
-99999 -99999 0 -99999 
0 0 -99999 -99999 
-99999 0 -99999 -99999 
0 -99999 -99999 -99999 
-99999 -99999 -99999 -99999 

0 0 0 0 
-99999 0 0 0 
0 -99999 0 0 
-99999 -99999 0 0 
0 0 -99999 0 
-99999 -0.00158493 -99999 0.282197 
0 -99999 -99999 0 
-99999 -99999 -99999 0 
0 0 0 -99999 
-99999 0 0 -99999 
0 -99999 0 -99999 
-99999 -99999 0 -99999 
0 0 -99999 -99999 
-99999 0 -99999 -99999 
0 -99999 -99999 -99999 
-99999 -99999 -99999 -99999 


0 0 0 0 
-99999 0 0 0 
0 -99999 0 0 
-99999 -99999 0 0 
0 0 -99999 0 
-99999 0 -99999 0 
0 -99999 -99999 0 
-99999 -99999 -99999 0 
0 -0.012523 -0.0182855 -99999 
-99999 0 0 -99999 
0 -99999 0 -99999 
-99999 -99999 0 -99999 
0 0.183492 -99999 -99999 
-99999 0 -99999 -99999 
0 -99999 -99999 -99999 
-99999 -99999 -99999 -99999 

0 0 0 0 
-99999 0 0 0 
0 -99999 0 0 
-99999 -99999 0 0 
0 0 -99999 0 
-99999 1.63362 -99999 -0.00614172 
0 -99999 -99999 0 
-99999 -99999 -99999 0 
-0.0306886 -0.0442389 -0.0195272 -99999 
-99999 -0.0294341 0.0886206 -99999 
0 -99999 0 -99999 
-99999 -99999 0 -99999 
0 0 -99999 -99999 
-99999 0 -99999 -99999 
0 -99999 -99999 -99999 
-99999 -99999 -99999 -99999 

0 0 0 0 
-99999 0 0 0 
0 -99999 0 0 
-99999 -99999 0 0 
0 0 -99999 0 
-99999 0 -99999 0 
0 -99999 -99999 0 
-99999 -99999 -99999 0 
0 0 0 -99999 
-99999 0 0 -99999 
0 -99999 0 -99999 
-99999 -99999 0 -99999 
0 0 -99999 -99999 
-99999 0 -99999 -99999 
0 -99999 -99999 -99999 
-99999 -99999 -99999 -99999 

0 0 0 0 
-99999 0 0 0 
0 -99999 0 0 
-99999 -99999 0 0 
0 0 -99999 0 
-99999 0.501378 -99999 -0.000485724 
0 -99999 -99999 0 
-99999 -99999 -99999 0 
0 0 0 -99999 
-99999 0 0 -99999 
0 -99999 0 -99999 
-99999 -99999 0 -99999 
0 0 -99999 -99999 
-99999 0 -99999 -99999 
0 -99999 -99999 -99999 
-99999 -99999 -99999 -99999 


0 0 0 0 
-99999 0 0 0 
0 -99999 0 0 
-99999 -99999 0 0 
-0.0424987 -0.105926 -99999 0.452486 
-99999 0 -99999 0 
0 -99999 -99999 0 
-99999 -99999 -99999 0 
0 0 0.104644 -99999 
-99999 0 0 -99999 
0 -99999 0 -99999 
-99999 -99999 0 -99999 
-0.0131687 -0.0363231 -99999 -99999 
-99999 0 -99999 -99999 
0 -99999 -99999 -99999 
-99999 -99999 -99999 -99999 

0 0 0 -0.000959329 
-99999 -1.22383 -1.2716 -1.43571 
0 -99999 0 0 
-99999 -99999 0 0 
0.332687 1.33624 -99999 -0.182801 
-99999 0.475849 -99999 15.1795 
0 -99999 -99999 0 
-99999 -99999 -99999 0 
0 0 -0.010329 -99999 
-99999 0 0.171392 -99999 
0 -99999 0 -99999 
-99999 -99999 0 -99999 
-6.89772 -7.03946 -99999 -99999 
-99999 0 -99999 -99999 
0 -99999 -99999 -99999 
-99999 -99999 -99999 -99999 

0 0 0 0 
-99999 0 0 0.1 
0 -99999 0 0 
-99999 -99999 0 0 
0 0 -99999 0 
-99999 0 -99999 0 
0 -99999 -99999 0 
-99999 -99999 -99999 0 
0 0 0 -99999 
-99999 0 0 -99999 
0 -99999 0 -99999 
-99999 -99999 0 -99999 
0 0 -99999 -99999 
-99999 0 -99999 -99999 
0 -99999 -99999 -99999 
-99999 -99999 -99999 -99999 

0 0 0 0 
-99999 0.155256 0.0857379 0.291742 
0 -99999 0 0 
-99999 -99999 0 0 
0 0 -99999 0 
-99999 0.338233 -99999 0.189182 
0 -99999 -99999 0 
-99999 -99999 -99999 0 
0 0 0 -99999 
-99999 0 0 -99999 
0 -99999 0 -99999 
-99999 -99999 0 -99999 
0 0 -99999 -99999 
-99999 0 -99999 -99999 
0 -99999 -99999 -99999 
-99999 -99999 -99999 -99999 


0 0 0 0 
-99999 0 0 0 
0 -99999 0 0 
-99999 -99999 0 0 
0 0 -99999 0 
-99999 0 -99999 0 
0 -99999 -99999 0 
-99999 -99999 -99999 0 
0 0 0 -99999 
-99999 0 0 -99999 
0 -99999 0 -99999 
-99999 -99999 0 -99999 
0 0 -99999 -99999 
-99999 0 -99999 -99999 
0 -99999 -99999 -99999 
-99999 -99999 -99999 -99999 

0 0 0 0 
-99999 0 0 0 
0 -99999 0 0 
-99999 -99999 0 0 
0 0 -99999 0 
-99999 0.000805407 -99999 0.0922742 
0 -99999 -99999 0 
-99999 -99999 -99999 0 
0 0 0 -99999 
-99999 0 0 -99999 
0 -99999 0 -99999 
-99999 -99999 0 -99999 
0 0 -99999 -99999 
-99999 0 -99999 -99999 
0 -99999 -99999 -99999 
-99999 -99999 -99999 -99999 

0 0 0 0 
-99999 0 0 0 
0 -99999 0 0 
-99999 -99999 0 0 
0 0 -99999 0 
-99999 0 -99999 0 
0 -99999 -99999 0 
-99999 -99999 -99999 0 
0 0 0 -99999 
-99999 2.56656 0.00375443 -99999 
0 -99999 0 -99999 
-99999 -99999 0 -99999 
0 0 -99999 -99999 
-99999 0 -99999 -99999 
0 -99999 -99999 -99999 
-99999 -99999 -99999 -99999 

0 0 0 0 
-99999 0 0 0 
0 -99999 0 0 
-99999 -99999 0 0 
0.0216913 0 -99999 0 
-99999 0 -99999 0.196544 
0 -99999 -99999 0 
-99999 -99999 -99999 0 
0 0 0 -99999 
-99999 0.0764968 -0.0141396 -99999 
-0.0140274 -99999 0 -99999 
-99999 -99999 0 -99999 
0 0 -99999 -99999 
-99999 0 -99999 -99999 
0 -99999 -99999 -99999 
-99999 -99999 -99999 -99999 




0 0 0 0 
-99999 0 0 0 
0 -99999 0 0 
-99999 -99999 0 0 
0 0 -99999 0 
-99999 0 -99999 0 
0 -99999 -99999 0 
-99999 -99999 -99999 0 
0 0 0 -99999 
-99999 0 0 -99999 
1.42939 -99999 -4.30324 -99999 
-99999 -99999 0 -99999 
0 0 -99999 -99999 
-99999 0 -99999 -99999 
0 -99999 -99999 -99999 
-99999 -99999 -99999 -99999 

0 0 0 0 
-99999 -0.0133111 0.241473 -0.683946 
0 -99999 0 0 
-99999 -99999 0 0 
0 0 -99999 0 
-99999 0 -99999 0 
0 -99999 -99999 0 
-99999 -99999 -99999 0 
0.000797389 1.10911 -0.857396 -99999 
-99999 0 0 -99999 
0 -99999 0 -99999 
-99999 -99999 0 -99999 
0 0 -99999 -99999 
-99999 0 -99999 -99999 
0 -99999 -99999 -99999 
-99999 -99999 -99999 -99999 

0 0 0 0 
-99999 0 0 -0.00297347 
-5.08715 -99999 -5.11785 -5.32065 
-99999 -99999 -280.898 -4.03978 
0 0 -99999 0 
-99999 0 -99999 0 
0 -99999 -99999 0 
-99999 -99999 -99999 0 
-0.465744 -0.0253074 -0.229151 -99999 
-99999 -1.59154 -1.86202 -99999 
41.4352 -99999 -0.471451 -99999 
-99999 -99999 0 -99999 
0 0 -99999 -99999 
-99999 0 -99999 -99999 
0 -99999 -99999 -99999 
-99999 -99999 -99999 -99999 

0 0 0 0 
-99999 -0.0261426 -0.0117944 -0.107194 
-0.007511 -99999 -0.010523 -0.0173281 
-99999 -99999 0 0 
0 0 -99999 0 
-99999 0 -99999 0 
0 -99999 -99999 0 
-99999 -99999 -99999 0 
0 0 0 -99999 
-99999 0 0 -99999 
0 -99999 0 -99999 
-99999 -99999 0 -99999 
0 0 -99999 -99999 
-99999 0 -99999 -99999 
0 -99999 -99999 -99999 
-99999 -99999 -99999 -99999 


0 0 0 0 
-99999 0 0 0 
-3.34125 -99999 2.4889 -0.0217517 
-99999 -99999 0 0 
0 0 -99999 0 
-99999 0 -99999 0 
0 -99999 -99999 0 
-99999 -99999 -99999 0 
-6.67049 -0.0032888 -3.40003 -99999 
-99999 0 0 -99999 
4.03831 -99999 347.037 -99999 
-99999 -99999 0 -99999 
0 0 -99999 -99999 
-99999 0 -99999 -99999 
0 -99999 -99999 -99999 
-99999 -99999 -99999 -99999 

0 0 0 0 
-99999 0 0 0 
0 -99999 0 0 
-99999 -99999 0 0 
0 0 -99999 0 
-99999 0 -99999 0 
0 -99999 -99999 0 
-99999 -99999 -99999 0 
-0.0947831 -0.0383792 -0.0587403 -99999 
-99999 -0.0289179 -0.0912757 -99999 
0 -99999 0 -99999 
-99999 -99999 0 -99999 
0 0 -99999 -99999 
-99999 0 -99999 -99999 
0 -99999 -99999 -99999 
-99999 -99999 -99999 -99999 

0 0 0 0 
-99999 0 0 0 
0 -99999 0 1.76708 
-99999 -99999 0 0.727264 
0 0 -99999 0 
-99999 0 -99999 0 
0 -99999 -99999 0 
-99999 -99999 -99999 0 
0 0 0 -99999 
-99999 0 0 -99999 
1.00475 -99999 2.03601 -99999 
-99999 -99999 0 -99999 
0 0 -99999 -99999 
-99999 0 -99999 -99999 
0 -99999 -99999 -99999 
-99999 -99999 -99999 -99999 

0 0 0 0 
-99999 0 0 0.0966218 
-0.000134921 -99999 0 0.0835632 
-99999 -99999 0 -0.0187029 
0 0 -99999 0 
-99999 0 -99999 0 
0 -99999 -99999 0 
-99999 -99999 -99999 0 
-0.000918593 0 0 -99999 
-99999 0 0 -99999 
0 -99999 0 -99999 
-99999 -99999 0 -99999 
0 0 -99999 -99999 
-99999 0 -99999 -99999 
0 -99999 -99999 -99999 
-99999 -99999 -99999 -99999 


0 0 0 0 
-99999 0 0 0 
0.767964 -99999 -2.40403e+17 -1.82624 
-99999 -99999 0 0 
0 0 -99999 0 
-99999 0 -99999 0 
0 -99999 -99999 0 
-99999 -99999 -99999 0 
-0.316535 -0.151501 -0.3034 -99999 
-99999 0 0 -99999 
18.1694 -99999 -7.15889e+15 -99999 
-99999 -99999 0 -99999 
0 0 -99999 -99999 
-99999 0 -99999 -99999 
0 -99999 -99999 -99999 
-99999 -99999 -99999 -99999 

-0.116319 0 0.498245 0 
-99999 -0.124939 -0.250938 -0.178259 
0 -99999 0 0 
-99999 -99999 0 0 
0 0 -99999 0 
-99999 0 -99999 0 
0 -99999 -99999 0 
-99999 -99999 -99999 0 
0 0 0.0775458 -99999 
-99999 0 -3.33284 -99999 
0 -99999 0 -99999 
-99999 -99999 0 -99999 
0 0 -99999 -99999 
-99999 0 -99999 -99999 
0 -99999 -99999 -99999 
-99999 -99999 -99999 -99999 

0 0 0 0 
-99999 0 0 0 
-0.00207316 -99999 -0.000961687 -0.305051 
-99999 -99999 -0.0122909 -0.355598 
0 0 -99999 0 
-99999 0 -99999 0 
0 -99999 -99999 0 
-99999 -99999 -99999 0 
0 0 0 -99999 
-99999 0 -0.00458904 -99999 
0.273752 -99999 -1.0013e+20 -99999 
-99999 -99999 -0.141512 -99999 
0 0 -99999 -99999 
-99999 0 -99999 -99999 
0 -99999 -99999 -99999 
-99999 -99999 -99999 -99999 

0 0 0 0 
-99999 -0.0122344 97.5976 -0.0295789 
0 -99999 0 0 
-99999 -99999 0 0 
0 0 -99999 0 
-99999 0 -99999 0 
0 -99999 -99999 0 
-99999 -99999 -99999 0 
0 0 0 -99999 
-99999 0 0 -99999 
0 -99999 0 -99999 
-99999 -99999 0 -99999 
0 0 -99999 -99999 
-99999 0 -99999 -99999 
0 -99999 -99999 -99999 
-99999 -99999 -99999 -99999 


0 0 0 0 
-99999 0 0 0 
0 -99999 0 0 
-99999 -99999 0 0 
0 0 -99999 0 
-99999 0 -99999 0 
0 -99999 -99999 0 
-99999 -99999 -99999 0 
0 0 0 -99999 
-99999 0 0 -99999 
-0.00470921 -99999 1.21058 -99999 
-99999 -99999 0 -99999 
0 0 -99999 -99999 
-99999 0 -99999 -99999 
0 -99999 -99999 -99999 
-99999 -99999 -99999 -99999 

0 0 0 0 
-99999 0 0 0 
0 -99999 0 0 
-99999 -99999 0 0 
0 0 -99999 0 
-99999 0 -99999 0 
0 -99999 -99999 0 
-99999 -99999 -99999 0 
-0.00212683 0.10068 -0.0101361 -99999 
-99999 0 0 -99999 
0 -99999 0 -99999 
-99999 -99999 0 -99999 
0 0 -99999 -99999 
-99999 0 -99999 -99999 
0 -99999 -99999 -99999 
-99999 -99999 -99999 -99999 

0 0 0 0 
-99999 0 0 0 
-0.0203965 -99999 -0.0146565 -0.00752177 
-99999 -99999 -0.0939757 -0.914829 
0 0 -99999 0 
-99999 0 -99999 0 
0 -99999 -99999 0 
-99999 -99999 -99999 0 
0 0 0 -99999 
-99999 0 -0.0187911 -99999 
0.346109 -99999 0.588946 -99999 
-99999 -99999 0 -99999 
0 0 -99999 -99999 
-99999 0 -99999 -99999 
0 -99999 -99999 -99999 
-99999 -99999 -99999 -99999 

0 0 0 0 
-99999 0 0.0884486 -0.0555486 
0 -99999 0 0 
-99999 -99999 0 0 
0 0 -99999 0 
-99999 0 -99999 0 
0 -99999 -99999 0 
-99999 -99999 -99999 0 
0 0 0 -99999 
-99999 0 0 -99999 
0 -99999 0 -99999 
-99999 -99999 0 -99999 
0 0 -99999 -99999 
-99999 0 -99999 -99999 
0 -99999 -99999 -99999 
-99999 -99999 -99999 -99999 



0 0 0 0 
-99999 0 0 0 
0 -99999 0 0 
-99999 -99999 0 0 
0 0 -99999 0 
-99999 0 -99999 0 
0 -99999 -99999 0 
-99999 -99999 -99999 0 
0 0 0 -99999 
-99999 0 0 -99999 
-0.000397486 -99999 0.140885 -99999 
-99999 -99999 0 -99999 
0 0 -99999 -99999 
-99999 0 -99999 -99999 
0 -99999 -99999 -99999 
-99999 -99999 -99999 -99999 

0 0 0 0 
-99999 0 -138.953 0 
0 -99999 0 0 
-99999 -99999 0 0 
0 0 -99999 0 
-99999 0 -99999 0 
0 -99999 -99999 0 
-99999 -99999 -99999 0 
0 0 0 -99999 
-99999 0 0 -99999 
0 -99999 0 -99999 
-99999 -99999 0 -99999 
0 0 -99999 -99999 
-99999 0 -99999 -99999 
0 -99999 -99999 -99999 
-99999 -99999 -99999 -99999 

0 0 0 0 
-99999 0 0 0 
0 -99999 0 0 
-99999 -99999 1.12475 0.163077 
0 0 -99999 0 
-99999 0 -99999 0 
0 -99999 -99999 0 
-99999 -99999 -99999 0 
0 0 0 -99999 
-99999 0 -0.0273677 -99999 
0.890554 -99999 4.504 -99999 
-99999 -99999 0 -99999 
0 0 -99999 -99999 
-99999 0 -99999 -99999 
0 -99999 -99999 -99999 
-99999 -99999 -99999 -99999 

0 0 0 0 
-99999 0 0 0 
0 -99999 0 0 
-99999 -99999 0 0 
0 0 -99999 0 
-99999 0 -99999 0 
0 -99999 -99999 0 
-99999 -99999 -99999 0 
0 0 0 -99999 
-99999 0 0 -99999 
0 -99999 0 -99999 
-99999 -99999 0 -99999 
0 0 -99999 -99999 
-99999 0 -99999 -99999 
0 -99999 -99999 -99999 
-99999 -99999 -99999 -99999 


0 0 0 0 
-99999 0 0 0 
0 -99999 0 -0.0136059 
-99999 -99999 0 0 
0 0 -99999 0 
-99999 0 -99999 0 
0 -99999 -99999 0 
-99999 -99999 -99999 0 
0 0 0.095982 -99999 
-99999 0 0 -99999 
0.40405 -99999 -0.0020661 -99999 
-99999 -99999 0 -99999 
0 0 -99999 -99999 
-99999 0 -99999 -99999 
0 -99999 -99999 -99999 
-99999 -99999 -99999 -99999 

0 0 0 0 
-99999 0 0 0 
0 -99999 0 0 
-99999 -99999 0 0 
0 0 -99999 0 
-99999 0 -99999 0 
0 -99999 -99999 0 
-99999 -99999 -99999 0 
-0.0068488 0 0.0412465 -99999 
-99999 -0.000552753 0.136694 -99999 
0 -99999 0 -99999 
-99999 -99999 0 -99999 
0 0 -99999 -99999 
-99999 0 -99999 -99999 
0 -99999 -99999 -99999 
-99999 -99999 -99999 -99999 

0 0 0 0 
-99999 0 0 0 
-0.0115622 -99999 -0.00785877 0.260024 
-99999 -99999 -6.75376 0.207154 
0 0 -99999 0 
-99999 0 -99999 0 
0 -99999 -99999 0 
-99999 -99999 -99999 0 
0 0 0 -99999 
-99999 0 0 -99999 
1.76758 -99999 -0.732546 -99999 
-99999 -99999 0 -99999 
0 0 -99999 -99999 
-99999 0 -99999 -99999 
0 -99999 -99999 -99999 
-99999 -99999 -99999 -99999 

0 0 0 0 
-99999 0 0 0 
0 -99999 0 0 
-99999 -99999 0 0 
0 0 -99999 0 
-99999 0 -99999 0 
0 -99999 -99999 0 
-99999 -99999 -99999 0 
0 0 0 -99999 
-99999 0 0 -99999 
0 -99999 0 -99999 
-99999 -99999 0 -99999 
0 0 -99999 -99999 
-99999 0 -99999 -99999 
0 -99999 -99999 -99999 
-99999 -99999 -99999 -99999 


0 0 0 0 
-99999 0 0 0 
0.0864147 -99999 -78752.6 -0.253999 
-99999 -99999 0 0 
0 0 -99999 0 
-99999 0 -99999 0 
0 -99999 -99999 0 
-99999 -99999 -99999 0 
0.00150503 0.127706 0.0635816 -99999 
-99999 0 0 -99999 
2.85417 -99999 -127.667 -99999 
-99999 -99999 0 -99999 
0 0 -99999 -99999 
-99999 0 -99999 -99999 
0 -99999 -99999 -99999 
-99999 -99999 -99999 -99999 

0 0 0 0 
-99999 0 0 0.0893915 
0 -99999 0 0 
-99999 -99999 0 0 
0 0 -99999 0 
-99999 0 -99999 0 
0 -99999 -99999 0 
-99999 -99999 -99999 0 
0 0 0 -99999 
-99999 0 0 -99999 
0 -99999 0 -99999 
-99999 -99999 0 -99999 
0 0 -99999 -99999 
-99999 0 -99999 -99999 
0 -99999 -99999 -99999 
-99999 -99999 -99999 -99999 

0 0 0 0 
-99999 0.000792113 0 0.0988265 
0 -99999 0 0 
-99999 -99999 -0.0187901 -0.00198402 
0 0 -99999 0 
-99999 0 -99999 0 
0 -99999 -99999 0 
-99999 -99999 -99999 0 
0 0 0 -99999 
-99999 0 0 -99999 
-0.000847735 -99999 8.26466 -99999 
-99999 -99999 0.0479009 -99999 
0 0 -99999 -99999 
-99999 0 -99999 -99999 
0 -99999 -99999 -99999 
-99999 -99999 -99999 -99999 

0 0 0 0 
-99999 -0.00212796 0 0.0990043 
0 -99999 0 0 
-99999 -99999 0 0 
0 0 -99999 0 
-99999 0 -99999 0 
0 -99999 -99999 0 
-99999 -99999 -99999 0 
0 0 0 -99999 
-99999 0 0 -99999 
0 -99999 0 -99999 
-99999 -99999 0 -99999 
0 0 -99999 -99999 
-99999 0 -99999 -99999 
0 -99999 -99999 -99999 
-99999 -99999 -99999 -99999 


0 0 0 0 
-99999 0 0 0 
0 -99999 0 0 
-99999 -99999 0 0 
0 0 -99999 0 
-99999 0 -99999 0 
0 -99999 -99999 0 
-99999 -99999 -99999 0 
0 0 0 -99999 
-99999 0 0 -99999 
0 -99999 0 -99999 
-99999 -99999 0 -99999 
0 0 -99999 -99999 
-99999 0 -99999 -99999 
0 -99999 -99999 -99999 
-99999 -99999 -99999 -99999 

0 0 0 0 
-99999 0 0 0 
0 -99999 0 0 
-99999 -99999 0 0 
0 0 -99999 0 
-99999 0 -99999 0 
0 -99999 -99999 0 
-99999 -99999 -99999 0 
0 0 0 -99999 
-99999 0 0 -99999 
0 -99999 0 -99999 
-99999 -99999 0 -99999 
0 0 -99999 -99999 
-99999 0 -99999 -99999 
0 -99999 -99999 -99999 
-99999 -99999 -99999 -99999 

0 0 0 0 
-99999 0 0 0 
0 -99999 0 0.300438 
-99999 -99999 0 -0.00200455 
0 0 -99999 0 
-99999 0 -99999 0 
0 -99999 -99999 0 
-99999 -99999 -99999 0 
0 0 0 -99999 
-99999 0 0 -99999 
0.0969173 -99999 0.853696 -99999 
-99999 -99999 0 -99999 
0 0 -99999 -99999 
-99999 0 -99999 -99999 
0 -99999 -99999 -99999 
-99999 -99999 -99999 -99999 

0 0 0 0 
-99999 0 0 0 
0 -99999 0 0 
-99999 -99999 0 0 
0 0 -99999 0 
-99999 0 -99999 -0.000851064 
0 -99999 -99999 0 
-99999 -99999 -99999 0 
0 0 0 -99999 
-99999 0 0 -99999 
0 -99999 0 -99999 
-99999 -99999 0 -99999 
0 0 -99999 -99999 
-99999 0 -99999 -99999 
0 -99999 -99999 -99999 
-99999 -99999 -99999 -99999 




0 0 0 0 
-99999 0 0 0 
0 -99999 0 0 
-99999 -99999 0 0 
0 0 -99999 0 
-99999 0 -99999 0 
-0.0142527 -99999 -99999 -0.0014639 
-99999 -99999 -99999 0 
0 0 0 -99999 
-99999 0 0 -99999 
0 -99999 0 -99999 
-99999 -99999 0 -99999 
0 0 -99999 -99999 
-99999 0 -99999 -99999 
0 -99999 -99999 -99999 
-99999 -99999 -99999 -99999 

0 0 0 0 
-99999 0 0.369568 0.443954 
0 -99999 0 0 
-99999 -99999 0 0 
0 0 -99999 0.1 
-99999 -7.71088 -99999 -7.99028 
0 -99999 -99999 0 
-99999 -99999 -99999 0 
0 0 0 -99999 
-99999 0 0 -99999 
0 -99999 0 -99999 
-99999 -99999 0 -99999 
0 0 -99999 -99999 
-99999 0 -99999 -99999 
0 -99999 -99999 -99999 
-99999 -99999 -99999 -99999 

0 0 0 0 
-99999 0 0 0 
-0.344002 -99999 -0.630442 0.317201 
-99999 -99999 -0.120142 0.89203 
0 0 -99999 0 
-99999 0 -99999 0 
0 -99999 -99999 0 
-99999 -99999 -99999 0 
0 0 0 -99999 
-99999 0 0 -99999 
0 -99999 0 -99999 
-99999 -99999 0 -99999 
0 0 -99999 -99999 
-99999 0 -99999 -99999 
0 -99999 -99999 -99999 
-99999 -99999 -99999 -99999 

0 0 0 0 
-99999 0 0 0.0789627 
0 -99999 0 0.0992694 
-99999 -99999 0 0 
0 -0.0117624 -99999 -0.0014639 
-99999 0.0324007 -99999 4.71424 
-0.0799182 -99999 -99999 -0.256169 
-99999 -99999 -99999 0 
0 0 0 -99999 
-99999 0 0 -99999 
0 -99999 0 -99999 
-99999 -99999 0 -99999 
0 0 -99999 -99999 
-99999 0 -99999 -99999 
0 -99999 -99999 -99999 
-99999 -99999 -99999 -99999 


0 0 0 0 
-99999 0 0 0 
0 -99999 0 0.0875769 
-99999 -99999 0 0 
0 0 -99999 0 
-99999 0 -99999 0 
0 -99999 -99999 0 
-99999 -99999 -99999 0 
0 0 0 -99999 
-99999 0 0 -99999 
0 -99999 0 -99999 
-99999 -99999 0 -99999 
0 0 -99999 -99999 
-99999 0 -99999 -99999 
0 -99999 -99999 -99999 
-99999 -99999 -99999 -99999 

0 0 0 0 
-99999 0 0 0 
0 -99999 0 0 
-99999 -99999 0 0 
0 0 -99999 0 
-99999 -0.597254 -99999 1.64932 
0 -99999 -99999 0 
-99999 -99999 -99999 0 
0 0 0 -99999 
-99999 0 0 -99999 
0 -99999 0 -99999 
-99999 -99999 0 -99999 
0 0 -99999 -99999 
-99999 0 -99999 -99999 
0 -99999 -99999 -99999 
-99999 -99999 -99999 -99999 

0 0 0 0 
-99999 0 0 0 
0 -99999 0 0 
-99999 -99999 0 0 
0 0 -99999 0 
-99999 0 -99999 0 
0 -99999 -99999 0 
-99999 -99999 -99999 0 
0 0 0 -99999 
-99999 0 0 -99999 
0 -99999 0 -99999 
-99999 -99999 0 -99999 
0 0 -99999 -99999 
-99999 0 -99999 -99999 
0 -99999 -99999 -99999 
-99999 -99999 -99999 -99999 

0 0 0 0 
-99999 0.0987624 0 0.465167 
0 -99999 0 0 
-99999 -99999 0 0 
0.189473 0 -99999 0.50088 
-99999 0 -99999 -0.0009981 
0 -99999 -99999 0 
-99999 -99999 -99999 0 
0 0 0 -99999 
-99999 0 0 -99999 
0 -99999 0 -99999 
-99999 -99999 0 -99999 
0 0 -99999 -99999 
-99999 0 -99999 -99999 
0 -99999 -99999 -99999 
-99999 -99999 -99999 -99999 


0 0 0 0 
-99999 0 0 0 
-0.0659102 -99999 -0.0126958 0.0513329 
-99999 -99999 0 0 
0 0 -99999 0.000847622 
-99999 0 -99999 0 
0 -99999 -99999 0 
-99999 -99999 -99999 0 
0 0 0 -99999 
-99999 0 0 -99999 
0 -99999 0 -99999 
-99999 -99999 0 -99999 
0 0 -99999 -99999 
-99999 0 -99999 -99999 
0 -99999 -99999 -99999 
-99999 -99999 -99999 -99999 

0 0 0 0 
-99999 -0.0265163 -0.0907175 -0.0209375 
0 -99999 0 0 
-99999 -99999 0 0 
0 0.000773285 -99999 0.0386897 
-99999 -0.0168792 -99999 7.07238 
0 -99999 -99999 0 
-99999 -99999 -99999 0 
0 0 0 -99999 
-99999 0 0 -99999 
0 -99999 0 -99999 
-99999 -99999 0 -99999 
0 0 -99999 -99999 
-99999 0 -99999 -99999 
0 -99999 -99999 -99999 
-99999 -99999 -99999 -99999 

0 0 0 0 
-99999 0 0 0 
0 -99999 0 0 
-99999 -99999 0 0 
0 0 -99999 0 
-99999 0 -99999 0 
0 -99999 -99999 0 
-99999 -99999 -99999 0 
0 0 0 -99999 
-99999 0 0 -99999 
0 -99999 0 -99999 
-99999 -99999 0 -99999 
0 0 -99999 -99999 
-99999 0 -99999 -99999 
0 -99999 -99999 -99999 
-99999 -99999 -99999 -99999 

0 0 0 0 
-99999 -0.0586282 -1.09983 0 
0 -99999 0 0 
-99999 -99999 0 0 
0 0 -99999 0 
-99999 0.138237 -99999 12.2834 
0 -99999 -99999 0 
-99999 -99999 -99999 0 
0 0 0 -99999 
-99999 0 0 -99999 
0 -99999 0 -99999 
-99999 -99999 0 -99999 
0 0 -99999 -99999 
-99999 0 -99999 -99999 
0 -99999 -99999 -99999 
-99999 -99999 -99999 -99999 


0 0 0 0 
-99999 0 0 0 
0 -99999 -0.0108876 0.0927446 
-99999 -99999 0 0 
0 0 -99999 0 
-99999 0 -99999 0 
-0.0236407 -99999 -99999 -0.0320906 
-99999 -99999 -99999 0 
0 0 0 -99999 
-99999 0 0 -99999 
0 -99999 0 -99999 
-99999 -99999 0 -99999 
0 0 -99999 -99999 
-99999 0 -99999 -99999 
0 -99999 -99999 -99999 
-99999 -99999 -99999 -99999 

0 0 0 0 
-99999 0 0 0 
0 -99999 0 0 
-99999 -99999 0 0 
0 0 -99999 0 
-99999 1.59708 -99999 0.217443 
0 -99999 -99999 0 
-99999 -99999 -99999 0 
0 0 0 -99999 
-99999 0 0 -99999 
0 -99999 0 -99999 
-99999 -99999 0 -99999 
0 0 -99999 -99999 
-99999 0 -99999 -99999 
0 -99999 -99999 -99999 
-99999 -99999 -99999 -99999 

0 0 0 0 
-99999 0 0 0 
0 -99999 0 0.0538741 
-99999 -99999 0 0 
0 0 -99999 0 
-99999 0 -99999 0 
0 -99999 -99999 0 
-99999 -99999 -99999 0 
0 0 0 -99999 
-99999 0 0 -99999 
0 -99999 0 -99999 
-99999 -99999 0 -99999 
0 0 -99999 -99999 
-99999 0 -99999 -99999 
0 -99999 -99999 -99999 
-99999 -99999 -99999 -99999 

0 0 0 0 
-99999 -0.0123323 0.0514421 0.231146 
0 -99999 0 0.1 
-99999 -99999 0 0 
0 0 -99999 0.0901717 
-99999 0.00791894 -99999 0.675325 
0 -99999 -99999 0 
-99999 -99999 -99999 0 
0 0 0 -99999 
-99999 0 0 -99999 
0 -99999 0 -99999 
-99999 -99999 0 -99999 
0 0 -99999 -99999 
-99999 0 -99999 -99999 
0 -99999 -99999 -99999 
-99999 -99999 -99999 -99999 



0 0 0 0 
-99999 0 0 0 
0 -99999 0 0 
-99999 -99999 0 0 
0 0 -99999 0 
-99999 0 -99999 0 
0 -99999 -99999 0 
-99999 -99999 -99999 0 
0 0 0 -99999 
-99999 0 0 -99999 
0 -99999 0 -99999 
-99999 -99999 0 -99999 
0 0 -99999 -99999 
-99999 0 -99999 -99999 
0 -99999 -99999 -99999 
-99999 -99999 -99999 -99999 

0 0 0 0 
-99999 0 0 0.0961533 
0 -99999 0 0 
-99999 -99999 0 0 
0 0 -99999 0 
-99999 -0.0636202 -99999 0.568918 
0 -99999 -99999 0 
-99999 -99999 -99999 0 
0 0 0 -99999 
-99999 0 0 -99999 
0 -99999 0 -99999 
-99999 -99999 0 -99999 
0 0 -99999 -99999 
-99999 0 -99999 -99999 
0 -99999 -99999 -99999 
-99999 -99999 -99999 -99999 

0 0 0 0 
-99999 0 0 0 
0 -99999 0 0 
-99999 -99999 0 0 
0 0 -99999 0 
-99999 0 -99999 0 
0 -99999 -99999 0 
-99999 -99999 -99999 0 
0 0 0 -99999 
-99999 0 0 -99999 
0 -99999 0 -99999 
-99999 -99999 0 -99999 
0 0 -99999 -99999 
-99999 0 -99999 -99999 
0 -99999 -99999 -99999 
-99999 -99999 -99999 -99999 

0 0 0 0 
-99999 0 0 0 
0 -99999 0 0 
-99999 -99999 0 0 
0 0 -99999 0 
-99999 -0.00186317 -99999 0.206271 
-0.000354529 -99999 -99999 0.204984 
-99999 -99999 -99999 0 
0 0 0 -99999 
-99999 0 0 -99999 
0 -99999 0 -99999 
-99999 -99999 0 -99999 
0 0 -99999 -99999 
-99999 0 -99999 -99999 
0 -99999 -99999 -99999 
-99999 -99999 -99999 -99999 


0 0 0 0 
-99999 0 0 0 
0 -99999 0 0 
-99999 -99999 0 0 
0 0 -99999 0 
-99999 0 -99999 0 
0 -99999 -99999 0 
-99999 -99999 -99999 0 
0 0 0 -99999 
-99999 0 0 -99999 
0 -99999 0 -99999 
-99999 -99999 0 -99999 
0 0 -99999 -99999 
-99999 0 -99999 -99999 
0 -99999 -99999 -99999 
-99999 -99999 -99999 -99999 

0 0 0 0 
-99999 0 0 0 
0 -99999 0 0 
-99999 -99999 0 0 
0 0 -99999 0 
-99999 -0.00527038 -99999 0.429956 
0 -99999 -99999 0 
-99999 -99999 -99999 0 
0 0 0 -99999 
-99999 0 0 -99999 
0 -99999 0 -99999 
-99999 -99999 0 -99999 
0 0 -99999 -99999 
-99999 0 -99999 -99999 
0 -99999 -99999 -99999 
-99999 -99999 -99999 -99999 

0 0 0 0 
-99999 0 0 0 
0 -99999 0 -0.00305467 
-99999 -99999 0 0 
0 0 -99999 0 
-99999 0 -99999 0 
0 -99999 -99999 0 
-99999 -99999 -99999 0 
0 0 0 -99999 
-99999 0 0 -99999 
0 -99999 0 -99999 
-99999 -99999 0 -99999 
0 0 -99999 -99999 
-99999 0 -99999 -99999 
0 -99999 -99999 -99999 
-99999 -99999 -99999 -99999 

0 0 0 0 
-99999 0 0 0 
0 -99999 0 0 
-99999 -99999 0 0 
0 0 -99999 0 
-99999 0 -99999 0.1 
0 -99999 -99999 0 
-99999 -99999 -99999 0 
0 0 0 -99999 
-99999 0 0 -99999 
0 -99999 0 -99999 
-99999 -99999 0 -99999 
0 0 -99999 -99999 
-99999 0 -99999 -99999 
0 -99999 -99999 -99999 
-99999 -99999 -99999 -99999 


0 0 0 0 
-99999 0 0 0 
0 -99999 -0.0196163 0 
-99999 -99999 0 0 
0 0 -99999 0 
-99999 0 -99999 0 
0 -99999 -99999 0 
-99999 -99999 -99999 0 
0 0 0 -99999 
-99999 0 0 -99999 
0 -99999 0 -99999 
-99999 -99999 0 -99999 
0 0 -99999 -99999 
-99999 0 -99999 -99999 
0 -99999 -99999 -99999 
-99999 -99999 -99999 -99999 

0 0 0 0 
-99999 0 0 0 
0 -99999 0 0 
-99999 -99999 0 0 
0 0 -99999 0.0943811 
-99999 -0.0103509 -99999 0.873313 
0 -99999 -99999 0 
-99999 -99999 -99999 0 
0 0 0 -99999 
-99999 0 0 -99999 
0 -99999 0 -99999 
-99999 -99999 0 -99999 
0 0 -99999 -99999 
-99999 0 -99999 -99999 
0 -99999 -99999 -99999 
-99999 -99999 -99999 -99999 

0 0 0 0 
-99999 0 0 0 
0 -99999 0 0 
-99999 -99999 0 0 
0 0 -99999 0 
-99999 0 -99999 0 
0 -99999 -99999 0 
-99999 -99999 -99999 0 
0 0 0 -99999 
-99999 0 0 -99999 
0 -99999 0 -99999 
-99999 -99999 0 -99999 
0 0 -99999 -99999 
-99999 0 -99999 -99999 
0 -99999 -99999 -99999 
-99999 -99999 -99999 -99999 

0 0 0 0 
-99999 0 0 0.1 
0 -99999 0 0 
-99999 -99999 0 0 
0 0 -99999 0 
-99999 0 -99999 1.7668 
0 -99999 -99999 0 
-99999 -99999 -99999 0 
0 0 0 -99999 
-99999 0 0 -99999 
0 -99999 0 -99999 
-99999 -99999 0 -99999 
0 0 -99999 -99999 
-99999 0 -99999 -99999 
0 -99999 -99999 -99999 
-99999 -99999 -99999 -99999 


0 0 0 0 
-99999 0 0 0 
0 -99999 0 0 
-99999 -99999 0 0 
0 0 -99999 0 
-99999 0 -99999 0 
0 -99999 -99999 0 
-99999 -99999 -99999 0 
0 0 0 -99999 
-99999 0 0 -99999 
0 -99999 0 -99999 
-99999 -99999 0 -99999 
0 0 -99999 -99999 
-99999 0 -99999 -99999 
0 -99999 -99999 -99999 
-99999 -99999 -99999 -99999 

0 0 0 0 
-99999 0 0 0 
0 -99999 0 0 
-99999 -99999 0 0 
0 0 -99999 0 
-99999 -0.000998331 -99999 0.193302 
0 -99999 -99999 0 
-99999 -99999 -99999 0 
0 0 0 -99999 
-99999 0 0 -99999 
0 -99999 0 -99999 
-99999 -99999 0 -99999 
0 0 -99999 -99999 
-99999 0 -99999 -99999 
0 -99999 -99999 -99999 
-99999 -99999 -99999 -99999 

0 0 0 0 
-99999 0 0 0 
0 -99999 0 0 
-99999 -99999 0 0 
0 0 -99999 0 
-99999 0 -99999 0 
0 -99999 -99999 0 
-99999 -99999 -99999 0 
0 0 0 -99999 
-99999 0 0 -99999 
0 -99999 0 -99999 
-99999 -99999 0 -99999 
0 0 -99999 -99999 
-99999 0 -99999 -99999 
0 -99999 -99999 -99999 
-99999 -99999 -99999 -99999 

0 0 0 0 
-99999 0 0 0 
0 -99999 0 0 
-99999 -99999 0 0 
0 0 -99999 0 
-99999 0 -99999 0 
0.737041 -99999 -99999 -0.0873682 
-99999 -99999 -99999 0 
0 0 0 -99999 
-99999 0 0 -99999 
2.09731 -99999 0.117532 -99999 
-99999 -99999 0 -99999 
0 0 -99999 -99999 
-99999 0 -99999 -99999 
0 -99999 -99999 -99999 
-99999 -99999 -99999 -99999 





0 0 0 0 
-99999 0 0 0 
0 -99999 0 0.1 
-99999 -99999 0 0 
0 0 -99999 -0.000957996 
-99999 0 -99999 0 
-50286.7 -99999 -99999 -5.85962 
-99999 -99999 -99999 0 
0 0.0008 0.100606 -99999 
-99999 0 0 -99999 
8279.62 -99999 91537.4 -99999 
-99999 -99999 0 -99999 
-8559.45 -8561.28 -99999 -99999 
-99999 0 -99999 -99999 
0 -99999 -99999 -99999 
-99999 -99999 -99999 -99999 

0 0 0 0 
-99999 0 0 0 
0 -99999 0 0 
-99999 -99999 0 0 
0 0.0201197 -99999 1.00618 
-99999 0 -99999 2.38828 
0 -99999 -99999 0 
-99999 -99999 -99999 0 
-1.6825 3.96064 -2.02588 -99999 
-99999 0 0 -99999 
0 -99999 0 -99999 
-99999 -99999 0 -99999 
-14.8092 -14.5602 -99999 -99999 
-99999 0 -99999 -99999 
0 -99999 -99999 -99999 
-99999 -99999 -99999 -99999 

0 0 0 0 
-99999 0 0 0 
-0.703645 -99999 -0.824256 -1.81913 
-99999 -99999 0 0 
0 0 -99999 0 
-99999 0 -99999 0 
0 -99999 -99999 0 
-99999 -99999 -99999 0 
-1.3371 0.137087 -1.46927 -99999 
-99999 0 0 -99999 
1.46276e+07 -99999 1.33689e+08 -99999 
-99999 -99999 0 -99999 
0 0 -99999 -99999 
-99999 0 -99999 -99999 
0 -99999 -99999 -99999 
-99999 -99999 -99999 -99999 

0 0 0 0 
-99999 0 0 0 
-0.00117752 -99999 0.0902448 0.0972347 
-99999 -99999 0 0 
-2.75797 -1.20032 -99999 -2.19112 
-99999 0 -99999 0 
25.3765 -99999 -99999 -1.76719 
-99999 -99999 -99999 0 
0 0 0 -99999 
-99999 0 0 -99999 
-0.707593 -99999 -0.670966 -99999 
-99999 -99999 0 -99999 
0 0 -99999 -99999 
-99999 0 -99999 -99999 
0 -99999 -99999 -99999 
-99999 -99999 -99999 -99999 


0 0 0 0 
-99999 0 0 0 
-16.7125 -99999 4.11998 -1.92128 
-99999 -99999 0 0 
0 0 -99999 0 
-99999 0 -99999 0 
-12.9005 -99999 -99999 -9.94372 
-99999 -99999 -99999 0 
-57.1756 -56.1278 -54.5628 -99999 
-99999 0 0 -99999 
-316889 -99999 -321690 -99999 
-99999 -99999 0 -99999 
-14.3841 -1.29084 -99999 -99999 
-99999 0 -99999 -99999 
-126.507 -99999 -99999 -99999 
-99999 -99999 -99999 -99999 

0 0 0 0 
-99999 0 0 0 
0 -99999 0 0 
-99999 -99999 0 0 
0 0 -99999 0 
-99999 0 -99999 1.91387 
0 -99999 -99999 0 
-99999 -99999 -99999 0 
-0.0251543 -0.00633963 -0.0301615 -99999 
-99999 -0.00898591 -0.0748988 -99999 
0 -99999 0 -99999 
-99999 -99999 0 -99999 
0 0 -99999 -99999 
-99999 0 -99999 -99999 
0 -99999 -99999 -99999 
-99999 -99999 -99999 -99999 

0 0 0 0 
-99999 0 0 0 
0 -99999 0 -0.108511 
-99999 -99999 0 0.89091 
0 0 -99999 0 
-99999 0 -99999 0 
0 -99999 -99999 0 
-99999 -99999 -99999 0 
0 0 0 -99999 
-99999 0 0 -99999 
-4.22916 -99999 -4.12335 -99999 
-99999 -99999 0 -99999 
0 0 -99999 -99999 
-99999 0 -99999 -99999 
0 -99999 -99999 -99999 
-99999 -99999 -99999 -99999 

0 0 0 0 
-99999 0 0 0 
-0.0114632 -99999 0 0.00889494 
-99999 -99999 0 0 
0 0 -99999 0 
-99999 0 -99999 -0.0471102 
0 -99999 -99999 0 
-99999 -99999 -99999 0 
0 0 0 -99999 
-99999 0 0 -99999 
-0.723437 -99999 0.0926101 -99999 
-99999 -99999 0 -99999 
-0.258796 -0.84528 -99999 -99999 
-99999 0 -99999 -99999 
0 -99999 -99999 -99999 
-99999 -99999 -99999 -99999 


0 0 0 0 
-99999 0 0 0 
683.624 -99999 17.3342 -21.8359 
-99999 -99999 0 0 
16812.5 192371 -99999 17754.9 
-99999 0 -99999 0 
88.1789 -99999 -99999 -12.1336 
-99999 -99999 -99999 0 
-7.2211 -13.411 36.7895 -99999 
-99999 0 0 -99999 
1.20458e+27 -99999 1.12988e+28 -99999 
-99999 -99999 0 -99999 
284.754 -8.10255 -99999 -99999 
-99999 0 -99999 -99999 
0 -99999 -99999 -99999 
-99999 -99999 -99999 -99999 

-0.111549 -0.0678481 -0.0495165 -0.311606 
-99999 0.0151578 0 4.19848 
0 -99999 0 0 
-99999 -99999 0 0 
-0.263071 -0.0813543 -99999 -0.389215 
-99999 0.0860078 -99999 2.91317 
0 -99999 -99999 0 
-99999 -99999 -99999 0 
0 0 0.0583983 -99999 
-99999 0 0.231577 -99999 
0 -99999 0 -99999 
-99999 -99999 0 -99999 
-0.656684 -0.898397 -99999 -99999 
-99999 0 -99999 -99999 
0 -99999 -99999 -99999 
-99999 -99999 -99999 -99999 

0 0 0 0 
-99999 0 0 0 
0.126764 -99999 -0.174478 -0.0824473 
-99999 -99999 0 0 
0 0 -99999 0 
-99999 0 -99999 0 
0 -99999 -99999 0 
-99999 -99999 -99999 0 
-0.814882 -0.700603 0.0296893 -99999 
-99999 0 0 -99999 
-18.7918 -99999 -16.6657 -99999 
-99999 -99999 0 -99999 
0 0 -99999 -99999 
-99999 0 -99999 -99999 
0 -99999 -99999 -99999 
-99999 -99999 -99999 -99999 

0 0 0 0 
-99999 0 0 -0.0151183 
0.0827278 -99999 0.0977197 0.360645 
-99999 -99999 0 0 
0.174514 -0.795277 -99999 0.104424 
-99999 0.976856 -99999 -0.0484827 
0 -99999 -99999 -0.0136019 
-99999 -99999 -99999 0 
0 0 0 -99999 
-99999 0 0 -99999 
0 -99999 0.0908421 -99999 
-99999 -99999 0 -99999 
0 0 -99999 -99999 
-99999 0 -99999 -99999 
0 -99999 -99999 -99999 
-99999 -99999 -99999 -99999 


0 0 0 0 
-99999 0 0 0 
0.732896 -99999 -0.00911644 10.3096 
-99999 -99999 0 0 
0 0 -99999 0 
-99999 0 -99999 0 
-205.913 -99999 -99999 -206.374 
-99999 -99999 -99999 0 
0 0 0 -99999 
-99999 0 0 -99999 
-56906 -99999 -55599.3 -99999 
-99999 -99999 0 -99999 
-0.329958 -0.264495 -99999 -99999 
-99999 0 -99999 -99999 
-0.985426 -99999 -99999 -99999 
-99999 -99999 -99999 -99999 

0 0 0 0 
-99999 0 0 0 
0 -99999 0 0 
-99999 -99999 0 0 
0 0 -99999 0 
-99999 1.0036 -99999 8.09588 
0 -99999 -99999 0 
-99999 -99999 -99999 0 
0.0978198 0 0.0980319 -99999 
-99999 0 0 -99999 
0 -99999 0 -99999 
-99999 -99999 0 -99999 
0 0 -99999 -99999 
-99999 0 -99999 -99999 
0 -99999 -99999 -99999 
-99999 -99999 -99999 -99999 

0 0 0 0 
-99999 0 0 0 
0.0893919 -99999 -0.00119334 -0.00428083 
-99999 -99999 0 0 
0 0 -99999 0 
-99999 0 -99999 0 
0 -99999 -99999 0 
-99999 -99999 -99999 0 
0 0 0.188077 -99999 
-99999 0 0 -99999 
0.791414 -99999 4.58322 -99999 
-99999 -99999 0 -99999 
0 0 -99999 -99999 
-99999 0 -99999 -99999 
0 -99999 -99999 -99999 
-99999 -99999 -99999 -99999 

0 0 0 0 
-99999 0 0 0 
0 -99999 -0.626937 0.390181 
-99999 -99999 0 0 
0.0931056 0 -99999 0 
-99999 0 -99999 0 
0.0906507 -99999 -99999 -0.535037 
-99999 -99999 -99999 0 
0 0 0 -99999 
-99999 0 0 -99999 
0 -99999 0 -99999 
-99999 -99999 0 -99999 
0 0 -99999 -99999 
-99999 0 -99999 -99999 
0 -99999 -99999 -99999 
-99999 -99999 -99999 -99999 



0 0 0 0 
-99999 0 0 0 
0 -99999 0 0 
-99999 -99999 0 0 
0 0 -99999 0 
-99999 0 -99999 0 
-0.899477 -99999 -99999 -0.948849 
-99999 -99999 -99999 0 
0 0 0 -99999 
-99999 0 0 -99999 
928620 -99999 9.66632e+06 -99999 
-99999 -99999 0 -99999 
-322858 -322913 -99999 -99999 
-99999 0 -99999 -99999 
0 -99999 -99999 -99999 
-99999 -99999 -99999 -99999 

0 0 0 0 
-99999 0 0 0 
0 -99999 0 0 
-99999 -99999 0 0 
0 0 -99999 -0.00377904 
-99999 0 -99999 0 
0 -99999 -99999 0 
-99999 -99999 -99999 0 
-0.00792409 -0.0118403 0.00346918 -99999 
-99999 0 0 -99999 
0 -99999 0 -99999 
-99999 -99999 0 -99999 
0.671066 -1.01117 -99999 -99999 
-99999 0 -99999 -99999 
0 -99999 -99999 -99999 
-99999 -99999 -99999 -99999 

0 0 0 0 
-99999 0 0 0 
0 -99999 0 0.0944346 
-99999 -99999 0 0 
0 0 -99999 0 
-99999 0 -99999 0 
0 -99999 -99999 0 
-99999 -99999 -99999 0 
0 0 0 -99999 
-99999 0 0 -99999 
21398.3 -99999 2113.76 -99999 
-99999 -99999 0 -99999 
0 0 -99999 -99999 
-99999 0 -99999 -99999 
0 -99999 -99999 -99999 
-99999 -99999 -99999 -99999 

0 0 0 0 
-99999 0 0 0 
0 -99999 0 0 
-99999 -99999 0 0 
0 0 -99999 0 
-99999 0 -99999 0 
0.352876 -99999 -99999 4.27303 
-99999 -99999 -99999 0 
0 0 0 -99999 
-99999 0 0 -99999 
0.00761096 -99999 0.470138 -99999 
-99999 -99999 0 -99999 
0 0 -99999 -99999 
-99999 0 -99999 -99999 
0 -99999 -99999 -99999 
-99999 -99999 -99999 -99999 


0 0 0 0 
-99999 0 0 0 
0 -99999 0 0.184478 
-99999 -99999 0 0 
0 0 -99999 0 
-99999 0 -99999 0 
-0.0561732 -99999 -99999 -0.0537742 
-99999 -99999 -99999 0 
-0.0768877 0.0778643 -0.0786193 -99999 
-99999 0 0 -99999 
7.17399e+13 -99999 7.43775e+14 -99999 
-99999 -99999 0 -99999 
135.6 1188.07 -99999 -99999 
-99999 0 -99999 -99999 
-0.0164636 -99999 -99999 -99999 
-99999 -99999 -99999 -99999 

0 0 0 0 
-99999 0 0 0 
0 -99999 0 0 
-99999 -99999 0 0 
0 0 -99999 0 
-99999 0 -99999 0 
0 -99999 -99999 0 
-99999 -99999 -99999 0 
0.100581 -0.00140931 0.412988 -99999 
-99999 0 0 -99999 
0 -99999 0 -99999 
-99999 -99999 0 -99999 
0 0 -99999 -99999 
-99999 0 -99999 -99999 
0 -99999 -99999 -99999 
-99999 -99999 -99999 -99999 

0 0 0 0 
-99999 0 0 0 
0 -99999 0 0.1 
-99999 -99999 0 0 
0 0 -99999 0 
-99999 0 -99999 0 
0 -99999 -99999 0 
-99999 -99999 -99999 0 
0 0 0 -99999 
-99999 0 0 -99999 
144.645 -99999 2117.97 -99999 
-99999 -99999 0 -99999 
0 0 -99999 -99999 
-99999 0 -99999 -99999 
0 -99999 -99999 -99999 
-99999 -99999 -99999 -99999 

0 0 0 0 
-99999 0 0 0 
0 -99999 0 0 
-99999 -99999 0 0 
0 0 -99999 0 
-99999 0 -99999 0 
0 -99999 -99999 0 
-99999 -99999 -99999 0 
0 0 0 -99999 
-99999 0 0 -99999 
0 -99999 0.1 -99999 
-99999 -99999 0 -99999 
0 0 -99999 -99999 
-99999 0 -99999 -99999 
0 -99999 -99999 -99999 
-99999 -99999 -99999 -99999 


0 0 0 0 
-99999 0 0 0 
-0.173357 -99999 -0.10828 -0.217401 
-99999 -99999 0 0 
-0.150664 0.654834 -99999 7.4918 
-99999 0 -99999 0 
620.577 -99999 -99999 6774.78 
-99999 -99999 -99999 0 
-0.220113 1.43463 -0.221568 -99999 
-99999 0 0 -99999 
6.56076e+09 -99999 6.09251e+08 -99999 
-99999 -99999 0 -99999 
-0.00784966 -0.00098007 -99999 -99999 
-99999 0 -99999 -99999 
0 -99999 -99999 -99999 
-99999 -99999 -99999 -99999 

0 0 0 0 
-99999 0 0 0 
0 -99999 0 0 
-99999 -99999 0 0 
-0.0166103 -0.00393259 -99999 -0.0367498 
-99999 0 -99999 0.0892749 
0 -99999 -99999 0 
-99999 -99999 -99999 0 
-0.0095314 0 -0.0095314 -99999 
-99999 0 0 -99999 
0 -99999 0 -99999 
-99999 -99999 0 -99999 
-0.0512932 0.271496 -99999 -99999 
-99999 0 -99999 -99999 
0 -99999 -99999 -99999 
-99999 -99999 -99999 -99999 

0 0 0 0 
-99999 0 0 0 
0 -99999 -0.0095314 -0.0187528 
-99999 -99999 0 0 
0 0 -99999 0 
-99999 0 -99999 0 
0 -99999 -99999 0 
-99999 -99999 -99999 0 
0 0 0 -99999 
-99999 0 0 -99999 
1.56383 -99999 13.8289 -99999 
-99999 -99999 0 -99999 
0 0 -99999 -99999 
-99999 0 -99999 -99999 
0 -99999 -99999 -99999 
-99999 -99999 -99999 -99999 

0 0 0 0 
-99999 0 0 0 
0 -99999 0 0 
-99999 -99999 0 0 
0 0 -99999 0 
-99999 0 -99999 -0.0244483 
0 -99999 -99999 0.1 
-99999 -99999 -99999 0 
0 0 0 -99999 
-99999 0 0 -99999 
0 -99999 0 -99999 
-99999 -99999 0 -99999 
0 0 -99999 -99999 
-99999 0 -99999 -99999 
0 -99999 -99999 -99999 
-99999 -99999 -99999 -99999 


0 0 0 0 
-99999 0 0 0 
0 -99999 0 0 
-99999 -99999 0 0 
0 0 -99999 0 
-99999 0 -99999 0 
0 -99999 -99999 0.481353 
-99999 -99999 -99999 0 
0 0 0 -99999 
-99999 0 0 -99999 
0.394661 -99999 3.07884 -99999 
-99999 -99999 0 -99999 
-0.044347 0.288289 -99999 -99999 
-99999 0 -99999 -99999 
-0.0301967 -99999 -99999 -99999 
-99999 -99999 -99999 -99999 

0 0 0 0 
-99999 0 0 0 
0 -99999 0 0 
-99999 -99999 0 0 
0 0 -99999 0 
-99999 0 -99999 0 
0 -99999 -99999 0 
-99999 -99999 -99999 0 
0 0 0 -99999 
-99999 0 0 -99999 
0 -99999 0 -99999 
-99999 -99999 0 -99999 
0 0 -99999 -99999 
-99999 0 -99999 -99999 
0 -99999 -99999 -99999 
-99999 -99999 -99999 -99999 

0 0 0 0 
-99999 0 0 0 
0 -99999 0 0 
-99999 -99999 0 0 
0 0 -99999 0 
-99999 0 -99999 0 
0 -99999 -99999 0 
-99999 -99999 -99999 0 
0 0 0 -99999 
-99999 0 0 -99999 
0 -99999 0.370295 -99999 
-99999 -99999 0 -99999 
0 0 -99999 -99999 
-99999 0 -99999 -99999 
0 -99999 -99999 -99999 
-99999 -99999 -99999 -99999 

0 0 0 0 
-99999 0 0 0 
0 -99999 0 0 
-99999 -99999 0 0 
0 0 -99999 -0.00196544 
-99999 -1.08433 -99999 -0.235399 
0 -99999 -99999 0 
-99999 -99999 -99999 0 
0 0 0 -99999 
-99999 0 0.115789 -99999 
0 -99999 0 -99999 
-99999 -99999 0 -99999 
-0.256225 -2.36305 -99999 -99999 
-99999 0 -99999 -99999 
0 -99999 -99999 -99999 
-99999 -99999 -99999 -99999 




0 0 0 0 
-99999 0 0 0 
0 -99999 0 0 
-99999 -99999 0 0 
0.000557723 0.101606 -99999 0.300667 
-99999 0 -99999 0 
0 -99999 -99999 0 
-99999 -99999 -99999 0 
-0.001 0 -0.00103667 -99999 
-99999 0 0 -99999 
0 -99999 0 -99999 
-99999 -99999 0 -99999 
-36.1714 -16.7169 -99999 -99999 
-99999 0 -99999 -99999 
0 -99999 -99999 -99999 
-99999 -99999 -99999 -99999 

0 0 0 0 
-99999 0.413857 4.11712 -0.693719 
0 -99999 0 0 
-99999 -99999 0 0 
-2.58251 -1.46192 -99999 -1.22266 
-99999 8.66439e+06 -99999 7.68666e+07 
0 -99999 -99999 0 
-99999 -99999 -99999 0 
-1.67399 -1.82625 -1.65182 -99999 
-99999 -0.0318558 0.186597 -99999 
0 -99999 0 -99999 
-99999 -99999 0 -99999 
-25.978 -25.9759 -99999 -99999 
-99999 0 -99999 -99999 
0 -99999 -99999 -99999 
-99999 -99999 -99999 -99999 

0 0 0 0 
-99999 0.000691485 0 0.257455 
0 -99999 0 0 
-99999 -99999 0 0 
0 0 -99999 0 
-99999 0 -99999 0 
0 -99999 -99999 0 
-99999 -99999 -99999 0 
0 0 0 -99999 
-99999 -7.13384 -6.85048 -99999 
0 -99999 0 -99999 
-99999 -99999 0 -99999 
0 0 -99999 -99999 
-99999 0 -99999 -99999 
0 -99999 -99999 -99999 
-99999 -99999 -99999 -99999 

0 0 0 0 
-99999 -0.195149 0.511482 -0.0701942 
0 -99999 0 0 
-99999 -99999 0 0 
-18.4104 -18.3385 -99999 -18.0556 
-99999 404453 -99999 38852.9 
0 -99999 -99999 0 
-99999 -99999 -99999 0 
0 0 0 -99999 
-99999 0 0 -99999 
0 -99999 0 -99999 
-99999 -99999 0 -99999 
0 0 -99999 -99999 
-99999 0 -99999 -99999 
0 -99999 -99999 -99999 
-99999 -99999 -99999 -99999 


0 0 0 0 
-99999 0 0 0 
0 -99999 0 0 
-99999 -99999 0 0 
0 0 -99999 0 
-99999 0 -99999 0 
0 -99999 -99999 0 
-99999 -99999 -99999 0 
-24.891 -24.9405 -27.726 -99999 
-99999 0 0 -99999 
0 -99999 0 -99999 
-99999 -99999 0 -99999 
0 -0.142574 -99999 -99999 
-99999 0 -99999 -99999 
0 -99999 -99999 -99999 
-99999 -99999 -99999 -99999 

0 0 0 0 
-99999 0 0 0 
0 -99999 0 0 
-99999 -99999 0 0 
0 0 -99999 0.1 
-99999 384.714 -99999 28.6892 
0 -99999 -99999 0 
-99999 -99999 -99999 0 
-0.0080556 0.0974505 -0.00887038 -99999 
-99999 0 0 -99999 
0 -99999 0 -99999 
-99999 -99999 0 -99999 
0 0 -99999 -99999 
-99999 0 -99999 -99999 
0 -99999 -99999 -99999 
-99999 -99999 -99999 -99999 

0 0 0 0 
-99999 0 0 0 
0 -99999 0 0 
-99999 -99999 0 0 
0 0 -99999 0 
-99999 0 -99999 0 
0 -99999 -99999 0 
-99999 -99999 -99999 0 
0 0 0 -99999 
-99999 0 0 -99999 
0 -99999 0 -99999 
-99999 -99999 0 -99999 
0 0 -99999 -99999 
-99999 0 -99999 -99999 
0 -99999 -99999 -99999 
-99999 -99999 -99999 -99999 

0 0 0 0 
-99999 0 -1.78877 0.8809 
0 -99999 0 0 
-99999 -99999 0 0 
-0.883696 -0.420726 -99999 -0.500647 
-99999 6.32924 -99999 0.844511 
0 -99999 -99999 0 
-99999 -99999 -99999 0 
0 0 0 -99999 
-99999 -0.00276355 0.0111653 -99999 
0 -99999 0 -99999 
-99999 -99999 0 -99999 
0.0786301 -0.0723416 -99999 -99999 
-99999 0 -99999 -99999 
0 -99999 -99999 -99999 
-99999 -99999 -99999 -99999 


0 0 0 0 
-99999 0 0 0 
0 -99999 0 0 
-99999 -99999 0 0 
-1.12174 -0.990884 -99999 -0.777512 
-99999 0 -99999 0 
0 -99999 -99999 0 
-99999 -99999 -99999 0 
-1.32377 -3.5128 51.629 -99999 
-99999 0 0 -99999 
0 -99999 0 -99999 
-99999 -99999 0 -99999 
1.95993 -7.75667 -99999 -99999 
-99999 0 -99999 -99999 
0 -99999 -99999 -99999 
-99999 -99999 -99999 -99999 

-0.0839467 0 -0.0353102 -0.317396 
-99999 266.819 362.316 2745.11 
0 -99999 0 0 
-99999 -99999 0 0 
-6.67748 -6.38489 -99999 -6.39673 
-99999 4.7386e+14 -99999 3.38964e+13 
0 -99999 -99999 0 
-99999 -99999 -99999 0 
0 0 0.0246324 -99999 
-99999 -4.81392 -8.21507 -99999 
0 -99999 0 -99999 
-99999 -99999 0 -99999 
-0.0284599 -0.29921 -99999 -99999 
-99999 0 -99999 -99999 
0 -99999 -99999 -99999 
-99999 -99999 -99999 -99999 

0 0 0 0 
-99999 -0.000209254 -0.0391263 0.0960444 
0 -99999 0 0 
-99999 -99999 0 0 
0 0 -99999 0 
-99999 0 -99999 0 
0 -99999 -99999 0 
-99999 -99999 -99999 0 
-0.00212323 -0.0364182 -0.0112652 -99999 
-99999 -0.0398076 -0.0408142 -99999 
0 -99999 0 -99999 
-99999 -99999 0 -99999 
0 0 -99999 -99999 
-99999 0 -99999 -99999 
0 -99999 -99999 -99999 
-99999 -99999 -99999 -99999 

0 0 0 0 
-99999 0.062098 -0.0501428 0.295067 
0 -99999 0 0 
-99999 -99999 0 0 
0.089675 0 -99999 -0.0357738 
-99999 -10.6037 -99999 -10.7177 
0 -99999 -99999 0 
-99999 -99999 -99999 0 
0 0 0 -99999 
-99999 0 0 -99999 
0 -99999 0 -99999 
-99999 -99999 0 -99999 
0 0 -99999 -99999 
-99999 0 -99999 -99999 
0 -99999 -99999 -99999 
-99999 -99999 -99999 -99999 


0 0 0 0 
-99999 0 0 0 
0 -99999 0 0 
-99999 -99999 0 0 
0 0 -99999 0 
-99999 0 -99999 0 
0 -99999 -99999 0 
-99999 -99999 -99999 0 
0 0 0.099 -99999 
-99999 0 0 -99999 
0 -99999 0 -99999 
-99999 -99999 0 -99999 
0.108712 0.22218 -99999 -99999 
-99999 0 -99999 -99999 
0 -99999 -99999 -99999 
-99999 -99999 -99999 -99999 

0 0 0 0 
-99999 0 0 0.0990162 
0 -99999 0 0 
-99999 -99999 0 0 
0 0 -99999 0 
-99999 21.342 -99999 261.766 
0 -99999 -99999 0 
-99999 -99999 -99999 0 
0.963999 -0.113599 0.106542 -99999 
-99999 0 0 -99999 
0 -99999 0 -99999 
-99999 -99999 0 -99999 
7.87946 1.31782 -99999 -99999 
-99999 0 -99999 -99999 
0 -99999 -99999 -99999 
-99999 -99999 -99999 -99999 

0 0 0 0 
-99999 0 0 0 
0 -99999 0 0 
-99999 -99999 0 0 
0 0 -99999 0 
-99999 0 -99999 0 
0 -99999 -99999 0 
-99999 -99999 -99999 0 
0 0.0870988 -0.00196812 -99999 
-99999 0 0 -99999 
0 -99999 0 -99999 
-99999 -99999 0 -99999 
0 0 -99999 -99999 
-99999 0 -99999 -99999 
0 -99999 -99999 -99999 
-99999 -99999 -99999 -99999 

0 0 0 0 
-99999 -2.61726 -1.15583 -1.74394 
0 -99999 0 0 
-99999 -99999 0 0 
0 -0.0408111 -99999 0.61094 
-99999 5.05814 -99999 34.5224 
0 -99999 -99999 0 
-99999 -99999 -99999 0 
0 0 0 -99999 
-99999 0 0 -99999 
0 -99999 0 -99999 
-99999 -99999 0 -99999 
0 0 -99999 -99999 
-99999 0 -99999 -99999 
0 -99999 -99999 -99999 
-99999 -99999 -99999 -99999 



0 0 0 0 
-99999 0 0 0 
0 -99999 0 0 
-99999 -99999 0 0 
0 0 -99999 0 
-99999 0 -99999 0 
0 -99999 -99999 0 
-99999 -99999 -99999 0 
0 0 0 -99999 
-99999 0 0 -99999 
0 -99999 0 -99999 
-99999 -99999 0 -99999 
0.0546318 0.000951107 -99999 -99999 
-99999 0 -99999 -99999 
0 -99999 -99999 -99999 
-99999 -99999 -99999 -99999 

0 0 0 0 
-99999 1.42461 13.0864 0.961808 
0 -99999 0 0 
-99999 -99999 0 0 
0.0190325 -0.158587 -99999 0.566613 
-99999 8.27708e+10 -99999 9.41055e+11 
0 -99999 -99999 0 
-99999 -99999 -99999 0 
-0.0730994 -0.0416823 0.111286 -99999 
-99999 0 0 -99999 
0 -99999 0 -99999 
-99999 -99999 0 -99999 
4.99386e+09 7.59117e+10 -99999 -99999 
-99999 0 -99999 -99999 
0 -99999 -99999 -99999 
-99999 -99999 -99999 -99999 

0 0 0 0 
-99999 0 0 0 
0 -99999 0 0 
-99999 -99999 0 0 
0 0 -99999 0 
-99999 0 -99999 0 
0 -99999 -99999 0 
-99999 -99999 -99999 0 
0 0 0 -99999 
-99999 90.3207 696.984 -99999 
0 -99999 0 -99999 
-99999 -99999 0 -99999 
0 0 -99999 -99999 
-99999 0 -99999 -99999 
0 -99999 -99999 -99999 
-99999 -99999 -99999 -99999 

0 0 0 0 
-99999 0 0 0 
0 -99999 0 0 
-99999 -99999 0 0 
0 0 -99999 0 
-99999 0.942233 -99999 11.0298 
0 -99999 -99999 0 
-99999 -99999 -99999 0 
0 0 0 -99999 
-99999 0 0 -99999 
0 -99999 0 -99999 
-99999 -99999 0 -99999 
0 0 -99999 -99999 
-99999 0 -99999 -99999 
0 -99999 -99999 -99999 
-99999 -99999 -99999 -99999 


0 0 0 0 
-99999 0 0 0 
0 -99999 0 0 
-99999 -99999 0 0 
0 0 -99999 0 
-99999 0 -99999 0 
0 -99999 -99999 0 
-99999 -99999 -99999 0 
-1.6718 -0.0452526 -0.0532911 -99999 
-99999 0 0 -99999 
0 -99999 0 -99999 
-99999 -99999 0 -99999 
-0.0206685 -0.0165263 -99999 -99999 
-99999 0 -99999 -99999 
0 -99999 -99999 -99999 
-99999 -99999 -99999 -99999 

0 0 0 0 
-99999 0 0 0 
0 -99999 0 0 
-99999 -99999 0 0 
0 0 -99999 0 
-99999 0.687934 -99999 3.30905 
0 -99999 -99999 0 
-99999 -99999 -99999 0 
0.152796 0.131646 3.66639 -99999 
-99999 0.104065 1.83759 -99999 
0 -99999 0 -99999 
-99999 -99999 0 -99999 
0 0 -99999 -99999 
-99999 0 -99999 -99999 
0 -99999 -99999 -99999 
-99999 -99999 -99999 -99999 

0 0 0 0 
-99999 0 0 0 
0 -99999 0 0 
-99999 -99999 0 0 
0 0 -99999 0 
-99999 0 -99999 0 
0 -99999 -99999 0 
-99999 -99999 -99999 0 
0 0 0 -99999 
-99999 0 0 -99999 
0 -99999 0 -99999 
-99999 -99999 0 -99999 
0 0 -99999 -99999 
-99999 0 -99999 -99999 
0 -99999 -99999 -99999 
-99999 -99999 -99999 -99999 

0 0 0 0 
-99999 0 0 0 
0 -99999 0 0 
-99999 -99999 0 0 
0 0 -99999 0 
-99999 -0.00632852 -99999 0.606775 
0 -99999 -99999 0 
-99999 -99999 -99999 0 
0 0 0 -99999 
-99999 0 0 -99999 
0 -99999 0 -99999 
-99999 -99999 0 -99999 
0 0 -99999 -99999 
-99999 0 -99999 -99999 
0 -99999 -99999 -99999 
-99999 -99999 -99999 -99999 


0 0 0 0 
-99999 0 0 0 
0 -99999 0 0 
-99999 -99999 0 0 
-0.15268 0.072169 -99999 0.851796 
-99999 0 -99999 0 
0 -99999 -99999 0 
-99999 -99999 -99999 0 
8.26478 -1.90194 -1.08943 -99999 
-99999 0 0 -99999 
0 -99999 0 -99999 
-99999 -99999 0 -99999 
0.0835336 -0.00156394 -99999 -99999 
-99999 0 -99999 -99999 
0 -99999 -99999 -99999 
-99999 -99999 -99999 -99999 

0 0 0 0 
-99999 2.76499e+09 2.06907e+09 2.22892e+10 
0 -99999 0 0 
-99999 -99999 0 0 
-0.193217 2.87756 -99999 -0.0859896 
-99999 2.66895e+21 -99999 2.36768e+20 
0 -99999 -99999 0 
-99999 -99999 -99999 0 
0 0 0.0693955 -99999 
-99999 0.0681554 2.1536 -99999 
0 -99999 0 -99999 
-99999 -99999 0 -99999 
-14.3719 -14.4459 -99999 -99999 
-99999 0 -99999 -99999 
0 -99999 -99999 -99999 
-99999 -99999 -99999 -99999 

0 0 0 0 
-99999 -0.00534063 -0.030514 -0.0052333 
0 -99999 0 0 
-99999 -99999 0 0 
0 0 -99999 0 
-99999 0 -99999 0 
0 -99999 -99999 0 
-99999 -99999 -99999 0 
0 0 0 -99999 
-99999 0 0.1 -99999 
0 -99999 0 -99999 
-99999 -99999 0 -99999 
0 0 -99999 -99999 
-99999 0 -99999 -99999 
0 -99999 -99999 -99999 
-99999 -99999 -99999 -99999 

0 0 0 0 
-99999 0 0 0 
0 -99999 0 0 
-99999 -99999 0 0 
0 0 -99999 0 
-99999 4.14649 -99999 47.5093 
0 -99999 -99999 0 
-99999 -99999 -99999 0 
0 0 0 -99999 
-99999 0 0 -99999 
0 -99999 0 -99999 
-99999 -99999 0 -99999 
0 0 -99999 -99999 
-99999 0 -99999 -99999 
0 -99999 -99999 -99999 
-99999 -99999 -99999 -99999 


0 0 0 0 
-99999 0 0 0 
0 -99999 0 0 
-99999 -99999 0 0 
0 0 -99999 0 
-99999 0 -99999 0 
0 -99999 -99999 0 
-99999 -99999 -99999 0 
0 0 0 -99999 
-99999 0 0 -99999 
0 -99999 0 -99999 
-99999 -99999 0 -99999 
0 0 -99999 -99999 
-99999 0 -99999 -99999 
0 -99999 -99999 -99999 
-99999 -99999 -99999 -99999 

0 0 0 0 
-99999 0 0 0 
0 -99999 0 0 
-99999 -99999 0 0 
0 0 -99999 0 
-99999 0.618301 -99999 6.97626 
0 -99999 -99999 0 
-99999 -99999 -99999 0 
0.0934781 -0.00123623 0.0994957 -99999 
-99999 0 0 -99999 
0 -99999 0 -99999 
-99999 -99999 0 -99999 
0 0 -99999 -99999 
-99999 0 -99999 -99999 
0 -99999 -99999 -99999 
-99999 -99999 -99999 -99999 

0 0 0 0 
-99999 0 0 0 
0 -99999 0 0 
-99999 -99999 0 0 
0 0 -99999 0 
-99999 0 -99999 0 
0 -99999 -99999 0 
-99999 -99999 -99999 0 
0 0 0 -99999 
-99999 0 0 -99999 
0 -99999 0 -99999 
-99999 -99999 0 -99999 
0 0 -99999 -99999 
-99999 0 -99999 -99999 
0 -99999 -99999 -99999 
-99999 -99999 -99999 -99999 

0 0 0 0 
-99999 0.201972 0 0.494015 
0 -99999 0 0 
-99999 -99999 -1.23212 -0.0180846 
4.26299 0.145767 -99999 0.707552 
-99999 0 -99999 3.63598 
0 -99999 -99999 0 
-99999 -99999 -99999 0 
0 0 0 -99999 
-99999 1.85898 0 -99999 
-0.0102769 -99999 0.424755 -99999 
-99999 -99999 0 -99999 
0 0 -99999 -99999 
-99999 0 -99999 -99999 
0 -99999 -99999 -99999 
-99999 -99999 -99999 -99999 




0 0 0 0 
-99999 0 0 0 
0 -99999 0.400625 -1.59998 
-99999 -99999 0 0 
0 0 -99999 0 
-99999 0 -99999 0 
0 -99999 -99999 0 
-99999 -99999 -99999 0 
0 0.638036 -0.801 -99999 
-99999 0 0 -99999 
136339 -99999 1.96233e+06 -99999 
-99999 -99999 0 -99999 
0 0 -99999 -99999 
-99999 0 -99999 -99999 
0 -99999 -99999 -99999 
-99999 -99999 -99999 -99999 

0 0 0 0 
-99999 -13.2603 -13.2691 -13.4789 
0 -99999 0 0 
-99999 -99999 0 0 
0 0 -99999 0 
-99999 0 -99999 0 
0 -99999 -99999 0 
-99999 -99999 -99999 0 
6925.32 8106.88 86698.7 -99999 
-99999 0.0999177 0.480889 -99999 
0 -99999 0 -99999 
-99999 -99999 0 -99999 
0 0 -99999 -99999 
-99999 0 -99999 -99999 
0 -99999 -99999 -99999 
-99999 -99999 -99999 -99999 

0 0 0 0 
-99999 -0.00196342 0.253096 -0.0198544 
12170.4 -99999 79764.7 8598.82 
-99999 -99999 -9.68425 -9.34808 
0 0 -99999 0 
-99999 0 -99999 0 
0 -99999 -99999 0 
-99999 -99999 -99999 0 
2063.31 2676.8 23421.3 -99999 
-99999 13158.9 123363 -99999 
1.84514e+37 -99999 1.42047e+36 -99999 
-99999 -99999 0 -99999 
0 0 -99999 -99999 
-99999 0 -99999 -99999 
0 -99999 -99999 -99999 
-99999 -99999 -99999 -99999 

0 0 0 0 
-99999 0.0379716 -0.0122143 -0.0409094 
-0.0582113 -99999 0.201946 0.0178568 
-99999 -99999 0 0 
0 0 -99999 0 
-99999 0 -99999 0 
0 -99999 -99999 0 
-99999 -99999 -99999 0 
0 0.0934652 0 -99999 
-99999 0 0 -99999 
-0.016669 -99999 -0.0200849 -99999 
-99999 -99999 0 -99999 
0 0 -99999 -99999 
-99999 0 -99999 -99999 
0 -99999 -99999 -99999 
-99999 -99999 -99999 -99999 


0 0 0 0 
-99999 0 0 0 
-15.6015 -99999 5.79637 -0.67621 
-99999 -99999 0 0 
0 0 -99999 0 
-99999 0 -99999 0 
0 -99999 -99999 0 
-99999 -99999 -99999 0 
-12.9213 0.456384 -3.32489 -99999 
-99999 0 0 -99999 
2.64819e+10 -99999 2.43769e+09 -99999 
-99999 -99999 0 -99999 
0 0 -99999 -99999 
-99999 0 -99999 -99999 
0 -99999 -99999 -99999 
-99999 -99999 -99999 -99999 

0 0 0 0 
-99999 0 0 0 
0 -99999 0 0 
-99999 -99999 0 0 
0 0 -99999 0 
-99999 0 -99999 0 
0 -99999 -99999 0 
-99999 -99999 -99999 0 
-0.202347 -0.194341 -0.32019 -99999 
-99999 -0.0531528 -0.0746862 -99999 
0 -99999 0 -99999 
-99999 -99999 0 -99999 
0 0 -99999 -99999 
-99999 0 -99999 -99999 
0 -99999 -99999 -99999 
-99999 -99999 -99999 -99999 

0 0 0 0 
-99999 0 0 0 
0.0169153 -99999 -0.109133 -0.0683877 
-99999 -99999 -0.045726 0 
0 0 -99999 0 
-99999 0 -99999 0 
0 -99999 -99999 0 
-99999 -99999 -99999 0 
0 0 0 -99999 
-99999 0 0 -99999 
0.933041 -99999 11.5911 -99999 
-99999 -99999 0 -99999 
0 0 -99999 -99999 
-99999 0 -99999 -99999 
0 -99999 -99999 -99999 
-99999 -99999 -99999 -99999 

0 0 0 0 
-99999 0 0 0 
0.0021551 -99999 0.325425 -0.00100664 
-99999 -99999 -0.0271126 -0.0375555 
0 0 -99999 0 
-99999 0 -99999 0 
0 -99999 -99999 0 
-99999 -99999 -99999 0 
0 0 0.0946387 -99999 
-99999 0 0 -99999 
0.202585 -99999 -0.001 -99999 
-99999 -99999 0 -99999 
0 0 -99999 -99999 
-99999 0 -99999 -99999 
0 -99999 -99999 -99999 
-99999 -99999 -99999 -99999 


0 0 0 0 
-99999 0 0 0 
-16.2541 -99999 -17.7719 -17.4743 
-99999 -99999 0 0 
0 0 -99999 0 
-99999 0 -99999 0 
0 -99999 -99999 0 
-99999 -99999 -99999 0 
-14.161 -14.2423 -13.9287 -99999 
-99999 0 0 -99999 
1.98429e+08 -99999 2.30816e+09 -99999 
-99999 -99999 0 -99999 
0 0 -99999 -99999 
-99999 0 -99999 -99999 
0 -99999 -99999 -99999 
-99999 -99999 -99999 -99999 

0 -0.0863167 -0.00785433 -0.317396 
-99999 -0.282213 -0.12 -0.219407 
0 -99999 0 0 
-99999 -99999 0 0 
0 0 -99999 0 
-99999 0 -99999 0 
0 -99999 -99999 0 
-99999 -99999 -99999 0 
-0.0020285 -0.134081 -0.0064296 -99999 
-99999 -3.90239 -19.0207 -99999 
0 -99999 0 -99999 
-99999 -99999 0 -99999 
0 0 -99999 -99999 
-99999 0 -99999 -99999 
0 -99999 -99999 -99999 
-99999 -99999 -99999 -99999 

0 0 0 0 
-99999 0 0 0 
0.0891338 -99999 0.000582574 0.195885 
-99999 -99999 -0.153249 -0.356189 
0 0 -99999 0 
-99999 0 -99999 0 
0 -99999 -99999 0 
-99999 -99999 -99999 0 
0 0 0 -99999 
-99999 -0.0398132 -0.0137674 -99999 
252.789 -99999 10.4807 -99999 
-99999 -99999 -0.133916 -99999 
0 0 -99999 -99999 
-99999 0 -99999 -99999 
0 -99999 -99999 -99999 
-99999 -99999 -99999 -99999 

0 0 0 0 
-99999 -0.0121373 0 0 
-0.00208975 -99999 -0.000961687 -0.0354344 
-99999 -99999 0 0 
0 0 -99999 0 
-99999 0 -99999 0 
0 -99999 -99999 0 
-99999 -99999 -99999 0 
0 0 0 -99999 
-99999 0 0 -99999 
0 -99999 0 -99999 
-99999 -99999 0 -99999 
0 0 -99999 -99999 
-99999 0 -99999 -99999 
0 -99999 -99999 -99999 
-99999 -99999 -99999 -99999 


0 0 0 0 
-99999 0 0 0 
-0.0114874 -99999 0.0652882 -0.00406231 
-99999 -99999 0 0 
0 0 -99999 0 
-99999 0 -99999 0 
0 -99999 -99999 0 
-99999 -99999 -99999 0 
0 0 0 -99999 
-99999 0 0 -99999 
-0.592568 -99999 -0.465783 -99999 
-99999 -99999 0 -99999 
0 0 -99999 -99999 
-99999 0 -99999 -99999 
0 -99999 -99999 -99999 
-99999 -99999 -99999 -99999 

0 0 0 0 
-99999 0 0 0 
0 -99999 0 0 
-99999 -99999 0 0 
0 0 -99999 0 
-99999 0 -99999 0 
0 -99999 -99999 0 
-99999 -99999 -99999 0 
0.332892 -0.143364 1.04231 -99999 
-99999 0 0 -99999 
0 -99999 0 -99999 
-99999 -99999 0 -99999 
0 0 -99999 -99999 
-99999 0 -99999 -99999 
0 -99999 -99999 -99999 
-99999 -99999 -99999 -99999 

0 0 0 0 
-99999 0 0 0 
0 -99999 0 0 
-99999 -99999 -19.627 -19.8423 
0 0 -99999 0 
-99999 0 -99999 0 
0 -99999 -99999 0 
-99999 -99999 -99999 0 
0.107271 0.00804521 0.566328 -99999 
-99999 -0.573164 -0.623566 -99999 
8717.37 -99999 1031.28 -99999 
-99999 -99999 0 -99999 
0 0 -99999 -99999 
-99999 0 -99999 -99999 
0 -99999 -99999 -99999 
-99999 -99999 -99999 -99999 

0 0 0 0 
-99999 0.0834812 0 0.0444514 
0 -99999 0 0 
-99999 -99999 0.102419 -0.853396 
0 0 -99999 0 
-99999 0 -99999 0 
0 -99999 -99999 0 
-99999 -99999 -99999 0 
0 0 0.2008 -99999 
-99999 0 0 -99999 
0 -99999 0.2008 -99999 
-99999 -99999 0 -99999 
0 0 -99999 -99999 
-99999 0 -99999 -99999 
0 -99999 -99999 -99999 
-99999 -99999 -99999 -99999 



0 0 0 0 
-99999 0 0 0 
0 -99999 0 0.1 
-99999 -99999 0 0 
0 0 -99999 0 
-99999 0 -99999 0 
0 -99999 -99999 0 
-99999 -99999 -99999 0 
0 0 0 -99999 
-99999 0 0 -99999 
3.92577 -99999 43.5684 -99999 
-99999 -99999 0 -99999 
0 0 -99999 -99999 
-99999 0 -99999 -99999 
0 -99999 -99999 -99999 
-99999 -99999 -99999 -99999 

0 0 0 0 
-99999 0.542327 5.0224 0.194142 
0 -99999 0 0 
-99999 -99999 0 0 
0 0 -99999 0 
-99999 0 -99999 0 
0 -99999 -99999 0 
-99999 -99999 -99999 0 
0.0951381 0.111831 0.364118 -99999 
-99999 0 0 -99999 
0 -99999 0 -99999 
-99999 -99999 0 -99999 
0 0 -99999 -99999 
-99999 0 -99999 -99999 
0 -99999 -99999 -99999 
-99999 -99999 -99999 -99999 

0 0 0 0 
-99999 0 0 0.0813993 
1.54267 -99999 -0.0165104 -0.163424 
-99999 -99999 5.34667 0.595074 
0 0 -99999 0 
-99999 0 -99999 0 
0 -99999 -99999 0 
-99999 -99999 -99999 0 
0 0 0 -99999 
-99999 18005.1 1900.19 -99999 
2406.93 -99999 27537.9 -99999 
-99999 -99999 0 -99999 
0 0 -99999 -99999 
-99999 0 -99999 -99999 
0 -99999 -99999 -99999 
-99999 -99999 -99999 -99999 

0 0 0 0 
-99999 0 0 0.1 
0 -99999 0 0.0969562 
-99999 -99999 0 0 
0 0 -99999 0 
-99999 0 -99999 0 
0 -99999 -99999 0 
-99999 -99999 -99999 0 
0 0 0 -99999 
-99999 0 0 -99999 
0 -99999 0 -99999 
-99999 -99999 0 -99999 
0 0 -99999 -99999 
-99999 0 -99999 -99999 
0 -99999 -99999 -99999 
-99999 -99999 -99999 -99999 


0 0 0 0 
-99999 0 0 0 
0 -99999 0 0 
-99999 -99999 0 0 
0 0 -99999 0 
-99999 0 -99999 0 
0 -99999 -99999 0 
-99999 -99999 -99999 0 
0.190685 0.425627 2.15702 -99999 
-99999 0 0 -99999 
604.596 -99999 51.2416 -99999 
-99999 -99999 0 -99999 
0 0 -99999 -99999 
-99999 0 -99999 -99999 
0 -99999 -99999 -99999 
-99999 -99999 -99999 -99999 

0 0 0 0 
-99999 0 0 0 
0 -99999 0 0 
-99999 -99999 0 0 
0 0 -99999 0 
-99999 0 -99999 0 
0 -99999 -99999 0 
-99999 -99999 -99999 0 
0.476702 0.44282 5.66546 -99999 
-99999 3.97134 46.7339 -99999 
0 -99999 0 -99999 
-99999 -99999 0 -99999 
0 0 -99999 -99999 
-99999 0 -99999 -99999 
0 -99999 -99999 -99999 
-99999 -99999 -99999 -99999 

0 0 0 0 
-99999 0 0 0 
-0.108905 -99999 -0.106408 -0.141498 
-99999 -99999 0 0 
0 0 -99999 0 
-99999 0 -99999 0 
0 -99999 -99999 0 
-99999 -99999 -99999 0 
0 0.104065 -0.00475008 -99999 
-99999 0 0.196506 -99999 
2.69667e+07 -99999 2.82964e+08 -99999 
-99999 -99999 0 -99999 
0 0 -99999 -99999 
-99999 0 -99999 -99999 
0 -99999 -99999 -99999 
-99999 -99999 -99999 -99999 

0 0 0 0 
-99999 0 0 0 
0 -99999 0 0 
-99999 -99999 0 0 
0 0 -99999 0 
-99999 0 -99999 0 
0 -99999 -99999 0 
-99999 -99999 -99999 0 
0 0 0 -99999 
-99999 0 0 -99999 
0 -99999 0 -99999 
-99999 -99999 0 -99999 
0 0 -99999 -99999 
-99999 0 -99999 -99999 
0 -99999 -99999 -99999 
-99999 -99999 -99999 -99999 


0 0 0 0 
-99999 0 0 0 
1.1823 -99999 17.3754 -0.835407 
-99999 -99999 0 0 
0 0 -99999 0 
-99999 0 -99999 0 
0 -99999 -99999 0 
-99999 -99999 -99999 0 
0.173105 0.225114 3.4496 -99999 
-99999 0 0 -99999 
989.736 -99999 14536.7 -99999 
-99999 -99999 0 -99999 
0 0 -99999 -99999 
-99999 0 -99999 -99999 
0 -99999 -99999 -99999 
-99999 -99999 -99999 -99999 

0 0 0 0 
-99999 0.402704 -0.206629 -0.021435 
0 -99999 0 0 
-99999 -99999 0 0 
0 0 -99999 0 
-99999 0 -99999 0 
0 -99999 -99999 0 
-99999 -99999 -99999 0 
-0.172484 0.446064 -0.140917 -99999 
-99999 0 1.71172 -99999 
0 -99999 0 -99999 
-99999 -99999 0 -99999 
0 0 -99999 -99999 
-99999 0 -99999 -99999 
0 -99999 -99999 -99999 
-99999 -99999 -99999 -99999 

0 0 0 0 
-99999 0 0 0 
-0.00428646 -99999 -0.0474079 0.103166 
-99999 -99999 -0.117801 -0.155862 
0 0 -99999 0 
-99999 0 -99999 0 
0 -99999 -99999 0 
-99999 -99999 -99999 0 
0 0 0 -99999 
-99999 0 0.283064 -99999 
48.2798 -99999 921.732 -99999 
-99999 -99999 31.1587 -99999 
0 0 -99999 -99999 
-99999 0 -99999 -99999 
0 -99999 -99999 -99999 
-99999 -99999 -99999 -99999 

0 0 0 0 
-99999 0 0 0 
0 -99999 0 0 
-99999 -99999 0 0 
0 0 -99999 0 
-99999 0 -99999 0 
0 -99999 -99999 0 
-99999 -99999 -99999 0 
0 0 0 -99999 
-99999 0 0 -99999 
0 -99999 0 -99999 
-99999 -99999 0 -99999 
0 0 -99999 -99999 
-99999 0 -99999 -99999 
0 -99999 -99999 -99999 
-99999 -99999 -99999 -99999 


0 0 0 0 
-99999 0 0 0 
0 -99999 0 0.1 
-99999 -99999 0 0 
0 0 -99999 0 
-99999 0 -99999 0 
0 -99999 -99999 0 
-99999 -99999 -99999 0 
0 0 0 -99999 
-99999 0 0 -99999 
0.1008 -99999 0.201613 -99999 
-99999 -99999 0 -99999 
0 0 -99999 -99999 
-99999 0 -99999 -99999 
0 -99999 -99999 -99999 
-99999 -99999 -99999 -99999 

0 0 0 0 
-99999 0 0 0 
0 -99999 0 0 
-99999 -99999 0 0 
0 0 -99999 0 
-99999 0 -99999 0 
0 -99999 -99999 0 
-99999 -99999 -99999 0 
0.690778 9.03593 0.645085 -99999 
-99999 0 0.2 -99999 
0 -99999 0 -99999 
-99999 -99999 0 -99999 
0 0 -99999 -99999 
-99999 0 -99999 -99999 
0 -99999 -99999 -99999 
-99999 -99999 -99999 -99999 

0 0 0 0 
-99999 0 0 0 
0 -99999 0.104054 1.90925 
-99999 -99999 -0.00853696 -0.00385176 
0 0 -99999 0 
-99999 0 -99999 0 
0 -99999 -99999 0 
-99999 -99999 -99999 0 
0 0.0008 0.196596 -99999 
-99999 4.08443 0.45533 -99999 
8.45541 -99999 97.8073 -99999 
-99999 -99999 0 -99999 
0 0 -99999 -99999 
-99999 0 -99999 -99999 
0 -99999 -99999 -99999 
-99999 -99999 -99999 -99999 

0 0 0 0 
-99999 0 0 0 
0 -99999 0 0.1 
-99999 -99999 0 0 
0 0 -99999 0 
-99999 -0.085705 -99999 -0.936636 
0 -99999 -99999 0 
-99999 -99999 -99999 0 
0 0 0 -99999 
-99999 0 0 -99999 
0 -99999 0 -99999 
-99999 -99999 0 -99999 
0 0 -99999 -99999 
-99999 0 -99999 -99999 
0 -99999 -99999 -99999 
-99999 -99999 -99999 -99999 




0 0 0 0 
-99999 0 0 0 
0 -99999 0 0 
-99999 -99999 0 0 
0 0 -99999 0.1008 
-99999 0 -99999 0 
-0.0567865 -99999 -99999 0.0384685 
-99999 -99999 -99999 0 
0 0 0 -99999 
-99999 0 0 -99999 
0 -99999 0 -99999 
-99999 -99999 0 -99999 
0 0 -99999 -99999 
-99999 0 -99999 -99999 
0 -99999 -99999 -99999 
-99999 -99999 -99999 -99999 

0 0 0 0 
-99999 0 0 0.0910349 
0 -99999 0 0 
-99999 -99999 0 0 
0 0 -99999 0.401943 
-99999 7.58e+12 -99999 7.13152e+13 
0 -99999 -99999 0 
-99999 -99999 -99999 0 
0 0 0 -99999 
-99999 0 0 -99999 
0 -99999 0 -99999 
-99999 -99999 0 -99999 
0 0 -99999 -99999 
-99999 0 -99999 -99999 
0 -99999 -99999 -99999 
-99999 -99999 -99999 -99999 

0 0 0 0 
-99999 0 0 0 
-2.43479 -99999 -1.69058 -1.52991 
-99999 -99999 -0.10891 0.462761 
0 0 -99999 0 
-99999 0 -99999 0 
0 -99999 -99999 0 
-99999 -99999 -99999 0 
0 0 0 -99999 
-99999 0 0 -99999 
0 -99999 0 -99999 
-99999 -99999 0 -99999 
0 0 -99999 -99999 
-99999 0 -99999 -99999 
0 -99999 -99999 -99999 
-99999 -99999 -99999 -99999 

0 0 0 0 
-99999 -1.76033 -0.749558 -1.24711 
0 -99999 -0.0480177 0.0983371 
-99999 -99999 0 0 
-0.0300934 -0.0155479 -99999 -0.0235995 
-99999 6.76014e+10 -99999 8.26634e+09 
-14026.5 -99999 -99999 -12723.5 
-99999 -99999 -99999 0 
0 0 0 -99999 
-99999 0 0 -99999 
0 -99999 0 -99999 
-99999 -99999 0 -99999 
0 0 -99999 -99999 
-99999 0 -99999 -99999 
0 -99999 -99999 -99999 
-99999 -99999 -99999 -99999 


0 0 0 0 
-99999 0 0 0 
0 -99999 0 0 
-99999 -99999 0 0 
0 0 -99999 0 
-99999 0 -99999 0 
0 -99999 -99999 0 
-99999 -99999 -99999 0 
0 0 0 -99999 
-99999 0 0 -99999 
0 -99999 0 -99999 
-99999 -99999 0 -99999 
0 0 -99999 -99999 
-99999 0 -99999 -99999 
0 -99999 -99999 -99999 
-99999 -99999 -99999 -99999 

0 0 0 0 
-99999 0 0 0 
0 -99999 0 0 
-99999 -99999 0 0 
0 0 -99999 0 
-99999 -0.957587 -99999 34.0835 
0 -99999 -99999 0 
-99999 -99999 -99999 0 
0 0 0 -99999 
-99999 0 0 -99999 
0 -99999 0 -99999 
-99999 -99999 0 -99999 
0 0 -99999 -99999 
-99999 0 -99999 -99999 
0 -99999 -99999 -99999 
-99999 -99999 -99999 -99999 

0 0 0 0 
-99999 0 0 0 
0 -99999 0 0 
-99999 -99999 0 0 
0 0 -99999 0 
-99999 0 -99999 0 
0 -99999 -99999 0 
-99999 -99999 -99999 0 
0 0 0 -99999 
-99999 0 0 -99999 
0 -99999 0 -99999 
-99999 -99999 0 -99999 
0 0 -99999 -99999 
-99999 0 -99999 -99999 
0 -99999 -99999 -99999 
-99999 -99999 -99999 -99999 

0 0 0 0 
-99999 -0.438043 -4.03049 -0.246169 
0 -99999 0 0 
-99999 -99999 0 0 
0 -0.00775061 -99999 0.197528 
-99999 0.0840058 -99999 0.218023 
0 -99999 -99999 0 
-99999 -99999 -99999 0 
0 0 0 -99999 
-99999 0 0 -99999 
0 -99999 0 -99999 
-99999 -99999 0 -99999 
0 0 -99999 -99999 
-99999 0 -99999 -99999 
0 -99999 -99999 -99999 
-99999 -99999 -99999 -99999 


0 0 0 0 
-99999 0 0 0 
-0.11421 -99999 2.11995 -0.109525 
-99999 -99999 0 0 
0 -0.0824041 -99999 0.218419 
-99999 0 -99999 0 
0 -99999 -99999 0 
-99999 -99999 -99999 0 
0 0 0 -99999 
-99999 0 0 -99999 
0 -99999 0 -99999 
-99999 -99999 0 -99999 
0 0 -99999 -99999 
-99999 0 -99999 -99999 
0 -99999 -99999 -99999 
-99999 -99999 -99999 -99999 

0 0 0 -0.033933 
-99999 -0.801083 -0.136331 -0.159989 
0 -99999 0 0 
-99999 -99999 0 0 
-0.299833 -0.10141 -99999 -0.169343 
-99999 6230.96 -99999 64095.8 
0 -99999 -99999 0 
-99999 -99999 -99999 0 
0 0 0 -99999 
-99999 0 0 -99999 
0 -99999 0 -99999 
-99999 -99999 0 -99999 
0 0 -99999 -99999 
-99999 0 -99999 -99999 
0 -99999 -99999 -99999 
-99999 -99999 -99999 -99999 

0 0 0 0 
-99999 0 0 0 
0 -99999 0 0 
-99999 -99999 0 -0.0300045 
0 0 -99999 0 
-99999 0 -99999 0 
0 -99999 -99999 0 
-99999 -99999 -99999 0 
0 0 0 -99999 
-99999 0 0 -99999 
0 -99999 0 -99999 
-99999 -99999 0 -99999 
0 0 -99999 -99999 
-99999 0 -99999 -99999 
0 -99999 -99999 -99999 
-99999 -99999 -99999 -99999 

0 0 0 0 
-99999 0.0633727 0 0 
0 -99999 0 0 
-99999 -99999 0 0 
0 0 -99999 0 
-99999 518424 -99999 4.95192e+06 
0 -99999 -99999 0.0689151 
-99999 -99999 -99999 0 
0 0 0 -99999 
-99999 0 0 -99999 
0 -99999 0 -99999 
-99999 -99999 0 -99999 
0 0 -99999 -99999 
-99999 0 -99999 -99999 
0 -99999 -99999 -99999 
-99999 -99999 -99999 -99999 


0 0 0 0 
-99999 0 0 0 
0 -99999 0 0.181143 
-99999 -99999 0 0 
0 0 -99999 0 
-99999 0 -99999 0 
10.614 -99999 -99999 -0.455446 
-99999 -99999 -99999 0 
0 0 0 -99999 
-99999 0 0 -99999 
0 -99999 0 -99999 
-99999 -99999 0 -99999 
0 0 -99999 -99999 
-99999 0 -99999 -99999 
0 -99999 -99999 -99999 
-99999 -99999 -99999 -99999 

0 0 0 0 
-99999 0 0 0.0966938 
0 -99999 0 0 
-99999 -99999 0 0 
0 0 -99999 0 
-99999 -0.225446 -99999 7.10382 
0 -99999 -99999 0 
-99999 -99999 -99999 0 
0 0 0 -99999 
-99999 0 0 -99999 
0 -99999 0 -99999 
-99999 -99999 0 -99999 
0 0 -99999 -99999 
-99999 0 -99999 -99999 
0 -99999 -99999 -99999 
-99999 -99999 -99999 -99999 

0 0 0 0 
-99999 0 0 0 
0 -99999 0 0 
-99999 -99999 0 0 
0 0 -99999 0 
-99999 0 -99999 0 
0 -99999 -99999 0 
-99999 -99999 -99999 0 
0 0 0 -99999 
-99999 0 0 -99999 
0 -99999 0 -99999 
-99999 -99999 0 -99999 
0 0 -99999 -99999 
-99999 0 -99999 -99999 
0 -99999 -99999 -99999 
-99999 -99999 -99999 -99999 

0 0 0 0 
-99999 0 -0.0244321 0.225542 
0 -99999 0 0 
-99999 -99999 0 0 
0 0 -99999 0 
-99999 -0.354066 -99999 4.9136 
0 -99999 -99999 0 
-99999 -99999 -99999 0 
0 0 0 -99999 
-99999 0 0 -99999 
0 -99999 0 -99999 
-99999 -99999 0 -99999 
0 0 -99999 -99999 
-99999 0 -99999 -99999 
0 -99999 -99999 -99999 
-99999 -99999 -99999 -99999 



0 0 0 0 
-99999 0 0 0 
0 -99999 0 0 
-99999 -99999 0 0 
0 0 -99999 0 
-99999 0 -99999 0 
0 -99999 -99999 -0.0039033 
-99999 -99999 -99999 0 
0 0 0 -99999 
-99999 0 0 -99999 
0 -99999 0 -99999 
-99999 -99999 0 -99999 
0 0 -99999 -99999 
-99999 0 -99999 -99999 
0 -99999 -99999 -99999 
-99999 -99999 -99999 -99999 

0 0 0 0 
-99999 0 0 0 
0 -99999 0 0 
-99999 -99999 0 0 
0 -0.010624 -99999 0.2008 
-99999 9.14235e+16 -99999 9.32607e+17 
0 -99999 -99999 0 
-99999 -99999 -99999 0 
0 0 0 -99999 
-99999 0 0 -99999 
0 -99999 0 -99999 
-99999 -99999 0 -99999 
0 0 -99999 -99999 
-99999 0 -99999 -99999 
0 -99999 -99999 -99999 
-99999 -99999 -99999 -99999 

0 0 0 0 
-99999 0 0 0 
0 -99999 0 9.93734e-06 
-99999 -99999 0.000773589 0.285106 
0 0 -99999 0 
-99999 0 -99999 0 
0 -99999 -99999 0 
-99999 -99999 -99999 0 
0 0 0 -99999 
-99999 0 0 -99999 
0 -99999 0 -99999 
-99999 -99999 0 -99999 
0 0 -99999 -99999 
-99999 0 -99999 -99999 
0 -99999 -99999 -99999 
-99999 -99999 -99999 -99999 

0 0 0 0 
-99999 0 0.0712088 0.302436 
0 -99999 0 0 
-99999 -99999 0 0 
0 0 -99999 0 
-99999 4574.73 -99999 67227.9 
3.78661 -99999 -99999 31.3042 
-99999 -99999 -99999 0 
0 0 0 -99999 
-99999 0 0 -99999 
0 -99999 0 -99999 
-99999 -99999 0 -99999 
0 0 -99999 -99999 
-99999 0 -99999 -99999 
0 -99999 -99999 -99999 
-99999 -99999 -99999 -99999 


0 0 0 0 
-99999 0 0 0 
0 -99999 0 0 
-99999 -99999 0 0 
0 0 -99999 0 
-99999 0 -99999 0 
0 -99999 -99999 0 
-99999 -99999 -99999 0 
0 0 0 -99999 
-99999 0 0 -99999 
0 -99999 0 -99999 
-99999 -99999 0 -99999 
0 0 -99999 -99999 
-99999 0 -99999 -99999 
0 -99999 -99999 -99999 
-99999 -99999 -99999 -99999 

0 0 0 0 
-99999 0 0 0 
0 -99999 0 0 
-99999 -99999 0 0 
0 0 -99999 0 
-99999 119.509 -99999 1075.19 
0 -99999 -99999 0 
-99999 -99999 -99999 0 
0 0 0 -99999 
-99999 0 0 -99999 
0 -99999 0 -99999 
-99999 -99999 0 -99999 
0 0 -99999 -99999 
-99999 0 -99999 -99999 
0 -99999 -99999 -99999 
-99999 -99999 -99999 -99999 

0 0 0 0 
-99999 0 0 0 
0 -99999 0 0 
-99999 -99999 0 0 
0 0 -99999 0 
-99999 0 -99999 0 
0 -99999 -99999 0 
-99999 -99999 -99999 0 
0 0 0 -99999 
-99999 0 0 -99999 
0 -99999 0 -99999 
-99999 -99999 0 -99999 
0 0 -99999 -99999 
-99999 0 -99999 -99999 
0 -99999 -99999 -99999 
-99999 -99999 -99999 -99999 

0 0 0 0 
-99999 0 0 0 
0 -99999 0 0 
-99999 -99999 0 0 
0 0 -99999 0 
-99999 0 -99999 -0.0122429 
0 -99999 -99999 0 
-99999 -99999 -99999 0 
0 0 0 -99999 
-99999 0 0 -99999 
0 -99999 0 -99999 
-99999 -99999 0 -99999 
0 0 -99999 -99999 
-99999 0 -99999 -99999 
0 -99999 -99999 -99999 
-99999 -99999 -99999 -99999 


0 0 0 0 
-99999 0 0 0 
-0.0180306 -99999 -0.0464007 -0.015586 
-99999 -99999 0 0 
0 -0.0326212 -99999 0 
-99999 0 -99999 0 
0 -99999 -99999 0 
-99999 -99999 -99999 0 
0 0 0 -99999 
-99999 0 0 -99999 
0 -99999 0 -99999 
-99999 -99999 0 -99999 
0 0 -99999 -99999 
-99999 0 -99999 -99999 
0 -99999 -99999 -99999 
-99999 -99999 -99999 -99999 

0 0 0 0 
-99999 -0.107377 -0.124614 -0.0205238 
0 -99999 0 0 
-99999 -99999 0 0 
-0.0159749 -0.0294425 -99999 0.280531 
-99999 9.33137 -99999 99.4819 
0 -99999 -99999 0 
-99999 -99999 -99999 0 
0 0 0 -99999 
-99999 0 0 -99999 
0 -99999 0 -99999 
-99999 -99999 0 -99999 
0 0 -99999 -99999 
-99999 0 -99999 -99999 
0 -99999 -99999 -99999 
-99999 -99999 -99999 -99999 

0 0 0 0 
-99999 0 0 0 
0 -99999 0 0 
-99999 -99999 -0.0095314 0 
0 0 -99999 0 
-99999 0 -99999 0 
0 -99999 -99999 0 
-99999 -99999 -99999 0 
0 0 0 -99999 
-99999 0 0 -99999 
0 -99999 0 -99999 
-99999 -99999 0 -99999 
0 0 -99999 -99999 
-99999 0 -99999 -99999 
0 -99999 -99999 -99999 
-99999 -99999 -99999 -99999 

0 0 0 0 
-99999 0 0 0.082332 
0 -99999 0 0 
-99999 -99999 0 0 
0 0 -99999 0 
-99999 1.93494 -99999 36.5431 
0.095674 -99999 -99999 0.268438 
-99999 -99999 -99999 0 
0 0 0 -99999 
-99999 0 0 -99999 
0 -99999 0 -99999 
-99999 -99999 0 -99999 
0 0 -99999 -99999 
-99999 0 -99999 -99999 
0 -99999 -99999 -99999 
-99999 -99999 -99999 -99999 


0 0 0 0 
-99999 0 0 0 
0 -99999 0 0 
-99999 -99999 0 0 
0 0 -99999 0 
-99999 0 -99999 0 
-0.0019722 -99999 -99999 -0.00195922 
-99999 -99999 -99999 0 
0 0 0 -99999 
-99999 0 0 -99999 
0 -99999 0 -99999 
-99999 -99999 0 -99999 
0 0 -99999 -99999 
-99999 0 -99999 -99999 
0 -99999 -99999 -99999 
-99999 -99999 -99999 -99999 

0 0 0 0 
-99999 0 0 0 
0 -99999 0 0 
-99999 -99999 0 0 
0 0 -99999 0 
-99999 16.9032 -99999 183.056 
0 -99999 -99999 0 
-99999 -99999 -99999 0 
0 0 0 -99999 
-99999 0 0 -99999 
0 -99999 0 -99999 
-99999 -99999 0 -99999 
0 0 -99999 -99999 
-99999 0 -99999 -99999 
0 -99999 -99999 -99999 
-99999 -99999 -99999 -99999 

0 0 0 0 
-99999 0 0 0 
0 -99999 0 0 
-99999 -99999 0 0 
0 0 -99999 0 
-99999 0 -99999 0 
0 -99999 -99999 0 
-99999 -99999 -99999 0 
0 0 0 -99999 
-99999 0 0 -99999 
0 -99999 0 -99999 
-99999 -99999 0 -99999 
0 0 -99999 -99999 
-99999 0 -99999 -99999 
0 -99999 -99999 -99999 
-99999 -99999 -99999 -99999 

0 0 0 0 
-99999 0.111952 0.0119077 2.24718 
0 -99999 0 0 
-99999 -99999 0 0 
0 0 -99999 0 
-99999 0.500892 -99999 2.60216 
0 -99999 -99999 0 
-99999 -99999 -99999 0 
0 0 0 -99999 
-99999 0 0 -99999 
0 -99999 0 -99999 
-99999 -99999 0 -99999 
0 0 -99999 -99999 
-99999 0 -99999 -99999 
0 -99999 -99999 -99999 
-99999 -99999 -99999 -99999 





